1.000000000000000000e+00 0.000000000000000000e+00 0.000000000000000000e+00 0.000000000000000000e+00 0.000000000000000000e+00 1.000000000000000000e+00 0.000000000000000000e+00 0.000000000000000000e+00 0.000000000000000000e+00 0.000000000000000000e+00 1.000000000000000000e+00 0.000000000000000000e+00 0.000000000000000000e+00 0.000000000000000000e+00 0.000000000000000000e+00 1.000000000000000000e+00
9.967196583747863770e-01 -1.766719482839107513e-02 -7.897967845201492310e-02 6.325535476207733154e-02 1.939327642321586609e-02 9.995884299278259277e-01 2.114134095609188080e-02 -1.247443724423646927e-02 7.857365906238555908e-02 -2.260366454720497131e-02 9.966520667076110840e-01 -1.538208778947591782e-02 0.000000000000000000e+00 0.000000000000000000e+00 0.000000000000000000e+00 1.000000000000000000e+00
9.978500008583068848e-01 -5.993751809000968933e-03 -6.526497006416320801e-02 9.579043835401535034e-02 7.703659124672412872e-03 9.996328353881835938e-01 2.597941085696220398e-02 -1.803791150450706482e-02 6.508529186248779297e-02 -2.642633393406867981e-02 9.975296854972839355e-01 -2.544937655329704285e-02 0.000000000000000000e+00 0.000000000000000000e+00 0.000000000000000000e+00 1.000000000000000000e+00
9.980097413063049316e-01 -5.095432512462139130e-03 -6.285426765680313110e-02 1.272746026515960693e-01 6.909283343702554703e-03 9.995648860931396484e-01 2.867452055215835571e-02 -2.715999633073806763e-02 6.268081814050674438e-02 -2.905172668397426605e-02 9.976106882095336914e-01 -3.636139258742332458e-02 0.000000000000000000e+00 0.000000000000000000e+00 0.000000000000000000e+00 1.000000000000000000e+00
9.673293828964233398e-01 -8.125023543834686279e-02 -2.401506602764129639e-01 1.827108711004257202e-01 9.258534759283065796e-02 9.950435161590576172e-01 3.628139197826385498e-02 -3.989449888467788696e-02 2.360124886035919189e-01 -5.733048915863037109e-02 9.700573682785034180e-01 -5.382604897022247314e-02 0.000000000000000000e+00 0.000000000000000000e+00 0.000000000000000000e+00 1.000000000000000000e+00
9.813522696495056152e-01 -5.646868050098419189e-02 -1.837364286184310913e-01 2.091511785984039307e-01 6.671715527772903442e-02 9.965144395828247070e-01 5.007811635732650757e-02 -4.396612569689750671e-02 1.802681535482406616e-01 -6.140264123678207397e-02 9.816990494728088379e-01 -6.235344707965850830e-02 0.000000000000000000e+00 0.000000000000000000e+00 0.000000000000000000e+00 1.000000000000000000e+00
9.898876547813415527e-01 -4.407900199294090271e-02 -1.348312944173812866e-01 2.363663166761398315e-01 4.863382875919342041e-02 9.983454942703247070e-01 3.067501261830329895e-02 -4.977285489439964294e-02 1.332560926675796509e-01 -3.692217916250228882e-02 9.903936386108398438e-01 -6.687758117914199829e-02 0.000000000000000000e+00 0.000000000000000000e+00 0.000000000000000000e+00 1.000000000000000000e+00
9.875372052192687988e-01 -6.580330431461334229e-02 -1.429692506790161133e-01 2.606565356254577637e-01 7.215313613414764404e-02 9.966036081314086914e-01 3.968753665685653687e-02 -5.342200770974159241e-02 1.398721039295196533e-01 -4.950860142707824707e-02 9.889311194419860840e-01 -7.124092429876327515e-02 0.000000000000000000e+00 0.000000000000000000e+00 0.000000000000000000e+00 1.000000000000000000e+00
9.849573969841003418e-01 -4.523082077503204346e-02 -1.667723953723907471e-01 2.758768498897552490e-01 5.789409577846527100e-02 9.957326054573059082e-01 7.186692208051681519e-02 -5.658912286162376404e-02 1.628101170063018799e-01 -8.044099807739257812e-02 9.833728671073913574e-01 -7.802884280681610107e-02 0.000000000000000000e+00 0.000000000000000000e+00 0.000000000000000000e+00 1.000000000000000000e+00
9.525058865547180176e-01 -8.634823560714721680e-02 -2.920213937759399414e-01 3.041784465312957764e-01 1.092089861631393433e-01 9.920279979705810547e-01 6.288012862205505371e-02 -6.263212114572525024e-02 2.842638194561004639e-01 -9.178505837917327881e-02 9.543424844741821289e-01 -8.507750183343887329e-02 0.000000000000000000e+00 0.000000000000000000e+00 0.000000000000000000e+00 1.000000000000000000e+00
9.714841246604919434e-01 -8.520496636629104614e-02 -2.212663292884826660e-01 3.367278277873992920e-01 1.049310863018035889e-01 9.913396835327148438e-01 7.896281778812408447e-02 -6.484045833349227905e-02 2.126220613718032837e-01 -9.992883354425430298e-02 9.720113277435302734e-01 -8.789043128490447998e-02 0.000000000000000000e+00 0.000000000000000000e+00 0.000000000000000000e+00 1.000000000000000000e+00
9.671918153762817383e-01 -5.565805733203887939e-02 -2.478753328323364258e-01 3.730411827564239502e-01 6.291313469409942627e-02 9.977887272834777832e-01 2.143854089081287384e-02 -6.537776440382003784e-02 2.461339831352233887e-01 -3.632979467511177063e-02 9.685547351837158203e-01 -9.741219133138656616e-02 0.000000000000000000e+00 0.000000000000000000e+00 0.000000000000000000e+00 1.000000000000000000e+00
9.617725610733032227e-01 -8.424471318721771240e-02 -2.605693638324737549e-01 3.820175528526306152e-01 1.183646991848945618e-01 9.859182238578796387e-01 1.181318014860153198e-01 -6.532285362482070923e-02 2.469480633735656738e-01 -1.444581300020217896e-01 9.582006931304931641e-01 -1.025537997484207153e-01 0.000000000000000000e+00 0.000000000000000000e+00 0.000000000000000000e+00 1.000000000000000000e+00
8.897325396537780762e-01 -1.535056680440902710e-01 -4.298976659774780273e-01 4.104488193988800049e-01 1.850338876247406006e-01 9.822034239768981934e-01 3.223298862576484680e-02 -5.972996726632118225e-02 4.172990024089813232e-01 -1.082243770360946655e-01 9.023020863533020020e-01 -1.212010607123374939e-01 0.000000000000000000e+00 0.000000000000000000e+00 0.000000000000000000e+00 1.000000000000000000e+00
9.092690944671630859e-01 -1.600933969020843506e-01 -3.841871321201324463e-01 4.146653711795806885e-01 1.999542564153671265e-01 9.775885343551635742e-01 6.587090343236923218e-02 -6.062760949134826660e-02 3.650314211845397949e-01 -1.367142200469970703e-01 9.209024310111999512e-01 -1.271328926086425781e-01 0.000000000000000000e+00 0.000000000000000000e+00 0.000000000000000000e+00 1.000000000000000000e+00
8.776038885116577148e-01 -1.573047935962677002e-01 -4.528428614139556885e-01 4.589500129222869873e-01 1.859728842973709106e-01 9.823679327964782715e-01 1.916636712849140167e-02 -5.602015554904937744e-02 4.418433010578155518e-01 -1.010369732975959778e-01 8.913843631744384766e-01 -1.399230509996414185e-01 0.000000000000000000e+00 0.000000000000000000e+00 0.000000000000000000e+00 1.000000000000000000e+00
9.241951704025268555e-01 -9.681829810142517090e-02 -3.694449663162231445e-01 4.604695737361907959e-01 1.529923975467681885e-01 9.801809191703796387e-01 1.258519440889358521e-01 -5.381982028484344482e-02 3.499381244182586670e-01 -1.728340238332748413e-01 9.206908941268920898e-01 -1.449170559644699097e-01 0.000000000000000000e+00 0.000000000000000000e+00 0.000000000000000000e+00 1.000000000000000000e+00
8.713669180870056152e-01 -1.763965636491775513e-01 -4.578251838684082031e-01 4.929493665695190430e-01 2.159905135631561279e-01 9.757631421089172363e-01 3.513510897755622864e-02 -5.690310895442962646e-02 4.405311644077301025e-01 -1.295014619827270508e-01 8.883477449417114258e-01 -1.543326675891876221e-01 0.000000000000000000e+00 0.000000000000000000e+00 0.000000000000000000e+00 1.000000000000000000e+00
8.905729055404663086e-01 -1.819213628768920898e-01 -4.168747961521148682e-01 5.173708200454711914e-01 2.224676609039306641e-01 9.736379981040954590e-01 5.037032812833786011e-02 -5.170382931828498840e-02 3.967217206954956055e-01 -1.375996023416519165e-01 9.075672030448913574e-01 -1.425182223320007324e-01 0.000000000000000000e+00 0.000000000000000000e+00 0.000000000000000000e+00 1.000000000000000000e+00
8.600853085517883301e-01 -2.214489430189132690e-01 -4.595798552036285400e-01 5.426955819129943848e-01 2.754077017307281494e-01 9.598709344863891602e-01 5.289990082383155823e-02 -4.899957031011581421e-02 4.294227063655853271e-01 -1.720702797174453735e-01 8.865596055984497070e-01 -1.353464573621749878e-01 0.000000000000000000e+00 0.000000000000000000e+00 0.000000000000000000e+00 1.000000000000000000e+00
8.259187340736389160e-01 -1.904386878013610840e-01 -5.306518077850341797e-01 5.595759749412536621e-01 2.519747912883758545e-01 9.666747450828552246e-01 4.526213183999061584e-02 -4.293448477983474731e-02 5.043480396270751953e-01 -1.710937172174453735e-01 8.463805317878723145e-01 -1.219379156827926636e-01 0.000000000000000000e+00 0.000000000000000000e+00 0.000000000000000000e+00 1.000000000000000000e+00
8.699679970741271973e-01 -1.442956030368804932e-01 -4.715235531330108643e-01 5.833008289337158203e-01 2.030168920755386353e-01 9.762352108955383301e-01 7.582177221775054932e-02 -4.031782969832420349e-02 4.493771493434906006e-01 -1.616897583007812500e-01 8.785878419876098633e-01 -1.111005991697311401e-01 0.000000000000000000e+00 0.000000000000000000e+00 0.000000000000000000e+00 1.000000000000000000e+00
8.074298501014709473e-01 -1.861483901739120483e-01 -5.598266124725341797e-01 5.998069643974304199e-01 2.635745704174041748e-01 9.627700448036193848e-01 6.001833081245422363e-02 -3.518236428499221802e-02 5.278120636940002441e-01 -1.960166692733764648e-01 8.264332413673400879e-01 -9.794251620769500732e-02 0.000000000000000000e+00 0.000000000000000000e+00 0.000000000000000000e+00 1.000000000000000000e+00
8.012175559997558594e-01 -1.819783598184585571e-01 -5.700301527976989746e-01 6.161432862281799316e-01 2.666003108024597168e-01 9.614195823669433594e-01 6.779866665601730347e-02 -2.835442312061786652e-02 5.357002615928649902e-01 -2.062916904687881470e-01 8.188216686248779297e-01 -8.294375240802764893e-02 0.000000000000000000e+00 0.000000000000000000e+00 0.000000000000000000e+00 1.000000000000000000e+00
8.063787221908569336e-01 -1.690225303173065186e-01 -5.667316317558288574e-01 6.352354884147644043e-01 2.596987485885620117e-01 9.621539711952209473e-01 8.256083726882934570e-02 -2.168431878089904785e-02 5.313284397125244141e-01 -2.137548029422760010e-01 8.197554349899291992e-01 -6.863389909267425537e-02 0.000000000000000000e+00 0.000000000000000000e+00 0.000000000000000000e+00 1.000000000000000000e+00
7.286898493766784668e-01 -2.332358360290527344e-01 -6.439039111137390137e-01 6.522463560104370117e-01 3.337533473968505859e-01 9.419533610343933105e-01 3.650446608662605286e-02 -1.674480922520160675e-02 5.980132818222045898e-01 -2.415054887533187866e-01 7.642350196838378906e-01 -5.865568667650222778e-02 0.000000000000000000e+00 0.000000000000000000e+00 0.000000000000000000e+00 1.000000000000000000e+00
7.850533127784729004e-01 -1.913612782955169678e-01 -5.891283154487609863e-01 6.750055551528930664e-01 2.723354697227478027e-01 9.608605504035949707e-01 5.079768598079681396e-02 -1.168949995189905167e-02 5.563494563102722168e-01 -2.003194242715835571e-01 8.064412474632263184e-01 -4.623896628618240356e-02 0.000000000000000000e+00 0.000000000000000000e+00 0.000000000000000000e+00 1.000000000000000000e+00
7.021965980529785156e-01 -1.733811497688293457e-01 -6.905496716499328613e-01 6.966684460639953613e-01 2.818453013896942139e-01 9.583575725555419922e-01 4.597738012671470642e-02 -9.610083885490894318e-03 6.538219451904296875e-01 -2.269133478403091431e-01 7.218220829963684082e-01 -3.726309910416603088e-02 0.000000000000000000e+00 0.000000000000000000e+00 0.000000000000000000e+00 1.000000000000000000e+00
7.264257073402404785e-01 -1.775372773408889771e-01 -6.639173030853271484e-01 7.113407850265502930e-01 2.656887173652648926e-01 9.634919762611389160e-01 3.305741399526596069e-02 -1.292364438995718956e-03 6.338100433349609375e-01 -2.004090994596481323e-01 7.470749616622924805e-01 -1.748817600309848785e-02 0.000000000000000000e+00 0.000000000000000000e+00 0.000000000000000000e+00 1.000000000000000000e+00
7.297913432121276855e-01 -1.794407069683074951e-01 -6.597011685371398926e-01 7.252769470214843750e-01 2.714871764183044434e-01 9.616613984107971191e-01 3.875660523772239685e-02 9.577983990311622620e-03 6.274546384811401367e-01 -2.073846459388732910e-01 7.505280375480651855e-01 4.323342349380254745e-03 0.000000000000000000e+00 0.000000000000000000e+00 0.000000000000000000e+00 1.000000000000000000e+00
7.193273901939392090e-01 -1.865655481815338135e-01 -6.691497564315795898e-01 7.454598546028137207e-01 2.834116220474243164e-01 9.582652449607849121e-01 3.749001398682594299e-02 1.845225691795349121e-02 6.342287063598632812e-01 -2.166124284267425537e-01 7.421812415122985840e-01 2.492368593811988831e-02 0.000000000000000000e+00 0.000000000000000000e+00 0.000000000000000000e+00 1.000000000000000000e+00
6.835513114929199219e-01 -2.146550267934799194e-01 -6.976251602172851562e-01 7.671943902969360352e-01 3.229230344295501709e-01 9.460868835449218750e-01 2.530321851372718811e-02 2.800937928259372711e-02 6.545825600624084473e-01 -2.425752878189086914e-01 7.160159945487976074e-01 4.737342149019241333e-02 0.000000000000000000e+00 0.000000000000000000e+00 0.000000000000000000e+00 1.000000000000000000e+00
6.422294378280639648e-01 -2.262026518583297729e-01 -7.323753833770751953e-01 7.881370186805725098e-01 3.516806662082672119e-01 9.359205365180969238e-01 1.932335272431373596e-02 3.805114328861236572e-02 6.810742020606994629e-01 -2.699722945690155029e-01 6.806268095970153809e-01 7.050438970327377319e-02 0.000000000000000000e+00 0.000000000000000000e+00 0.000000000000000000e+00 1.000000000000000000e+00
6.478393673896789551e-01 -1.903484463691711426e-01 -7.376121282577514648e-01 8.039944767951965332e-01 3.050413429737091064e-01 9.520798325538635254e-01 2.222155034542083740e-02 4.828457161784172058e-02 6.980357766151428223e-01 -2.393981665372848511e-01 6.748589277267456055e-01 9.217753261327743530e-02 0.000000000000000000e+00 0.000000000000000000e+00 0.000000000000000000e+00 1.000000000000000000e+00
6.154871582984924316e-01 -2.088411599397659302e-01 -7.599743604660034180e-01 8.227070569992065430e-01 3.327502012252807617e-01 9.429581165313720703e-01 1.036219485104084015e-02 5.799265578389167786e-02 7.144598364830017090e-01 -2.592594027519226074e-01 6.498704552650451660e-01 1.151023507118225098e-01 0.000000000000000000e+00 0.000000000000000000e+00 0.000000000000000000e+00 1.000000000000000000e+00
6.066064834594726562e-01 -2.133252173662185669e-01 -7.658465504646301270e-01 8.444475531578063965e-01 3.386680185794830322e-01 9.408857226371765137e-01 6.167779676616191864e-03 6.744324415922164917e-02 7.192583680152893066e-01 -2.631091475486755371e-01 6.429938077926635742e-01 1.370636075735092163e-01 0.000000000000000000e+00 0.000000000000000000e+00 0.000000000000000000e+00 1.000000000000000000e+00
5.732833743095397949e-01 -2.392468303442001343e-01 -7.836498022079467773e-01 8.673393130302429199e-01 3.526376187801361084e-01 9.353532195091247559e-01 -2.758757025003433228e-02 7.693912088871002197e-02 7.395896315574645996e-01 -2.605289220809936523e-01 6.205899119377136230e-01 1.584887206554412842e-01 0.000000000000000000e+00 0.000000000000000000e+00 0.000000000000000000e+00 1.000000000000000000e+00
5.260969996452331543e-01 -2.446863651275634766e-01 -8.144633769989013672e-01 8.830416202545166016e-01 3.703894317150115967e-01 9.280340075492858887e-01 -3.955549001693725586e-02 8.816232532262802124e-02 7.655283212661743164e-01 -2.808585762977600098e-01 5.788651704788208008e-01 1.837815940380096436e-01 0.000000000000000000e+00 0.000000000000000000e+00 0.000000000000000000e+00 1.000000000000000000e+00
4.816370904445648193e-01 -2.537031173706054688e-01 -8.388447165489196777e-01 9.022833704948425293e-01 3.824293315410614014e-01 9.220799803733825684e-01 -5.929873883724212646e-02 9.919340908527374268e-02 7.885261774063110352e-01 -2.922383546829223633e-01 5.411314368247985840e-01 2.090375274419784546e-01 0.000000000000000000e+00 0.000000000000000000e+00 0.000000000000000000e+00 1.000000000000000000e+00
4.609195291996002197e-01 -2.361059486865997314e-01 -8.554572463035583496e-01 9.241396784782409668e-01 3.665501177310943604e-01 9.285396933555603027e-01 -5.877984687685966492e-02 1.112144514918327332e-01 8.082043528556823730e-01 -2.864751815795898438e-01 5.145267248153686523e-01 2.355054467916488647e-01 0.000000000000000000e+00 0.000000000000000000e+00 0.000000000000000000e+00 1.000000000000000000e+00
4.514604210853576660e-01 -2.267940789461135864e-01 -8.629877567291259766e-01 9.386212825775146484e-01 3.525163829326629639e-01 9.338157773017883301e-01 -6.099356710910797119e-02 1.233142390847206116e-01 8.197046518325805664e-01 -2.766811549663543701e-01 5.015295147895812988e-01 2.619602382183074951e-01 0.000000000000000000e+00 0.000000000000000000e+00 0.000000000000000000e+00 1.000000000000000000e+00
4.513461291790008545e-01 -2.336554974317550659e-01 -8.612152934074401855e-01 9.587536454200744629e-01 3.657086789608001709e-01 9.287723898887634277e-01 -6.032357737421989441e-02 1.355202794075012207e-01 8.139680027961730957e-01 -2.877270877361297607e-01 5.046476721763610840e-01 2.880693674087524414e-01 0.000000000000000000e+00 0.000000000000000000e+00 0.000000000000000000e+00 1.000000000000000000e+00
4.028264880180358887e-01 -2.413426935672760010e-01 -8.828842043876647949e-01 9.781476855278015137e-01 3.879919648170471191e-01 9.186790585517883301e-01 -7.410149276256561279e-02 1.466247290372848511e-01 8.289710879325866699e-01 -3.127019405364990234e-01 4.637072980403900146e-01 3.126295506954193115e-01 0.000000000000000000e+00 0.000000000000000000e+00 0.000000000000000000e+00 1.000000000000000000e+00
3.665392398834228516e-01 -2.336233258247375488e-01 -9.005937576293945312e-01 9.932096600532531738e-01 3.598699867725372314e-01 9.282222390174865723e-01 -9.432432055473327637e-02 1.565920710563659668e-01 8.579875230789184570e-01 -2.895231246948242188e-01 4.243038594722747803e-01 3.364893496036529541e-01 0.000000000000000000e+00 0.000000000000000000e+00 0.000000000000000000e+00 1.000000000000000000e+00
3.706372678279876709e-01 -2.452606558799743652e-01 -8.958097696304321289e-01 1.014982342720031738e+00 3.998292386531829834e-01 9.126905202865600586e-01 -8.445481956005096436e-02 1.683763116598129272e-01 8.383105993270874023e-01 -3.268688619136810303e-01 4.363394975662231445e-01 3.610115349292755127e-01 0.000000000000000000e+00 0.000000000000000000e+00 0.000000000000000000e+00 1.000000000000000000e+00
2.959049046039581299e-01 -2.384530454874038696e-01 -9.249758720397949219e-01 1.029757380485534668e+00 4.161042869091033936e-01 9.038144350051879883e-01 -9.988367557525634766e-02 1.818412691354751587e-01 8.598240613937377930e-01 -3.553304076194763184e-01 3.666644394397735596e-01 3.908642828464508057e-01 0.000000000000000000e+00 0.000000000000000000e+00 0.000000000000000000e+00 1.000000000000000000e+00
2.023634761571884155e-01 -2.320782393217086792e-01 -9.514140486717224121e-01 1.044338345527648926e+00 4.203464388847351074e-01 8.980525732040405273e-01 -1.296551078557968140e-01 1.951760649681091309e-01 8.845099806785583496e-01 -3.736860454082489014e-01 2.792862951755523682e-01 4.194675683975219727e-01 0.000000000000000000e+00 0.000000000000000000e+00 0.000000000000000000e+00 1.000000000000000000e+00
1.655343472957611084e-01 -2.313096970319747925e-01 -9.586940407752990723e-01 1.053817033767700195e+00 4.037266969680786133e-01 9.028102159500122070e-01 -1.481162160634994507e-01 2.084061801433563232e-01 8.997794985771179199e-01 -3.625320196151733398e-01 2.428320050239562988e-01 4.465147852897644043e-01 0.000000000000000000e+00 0.000000000000000000e+00 0.000000000000000000e+00 1.000000000000000000e+00
1.510967165231704712e-01 -2.360291033983230591e-01 -9.599271416664123535e-01 1.060002446174621582e+00 4.304847717285156250e-01 8.898701071739196777e-01 -1.510431319475173950e-01 2.221703678369522095e-01 8.898609876632690430e-01 -3.904118835926055908e-01 2.360633909702301025e-01 4.758658707141876221e-01 0.000000000000000000e+00 0.000000000000000000e+00 0.000000000000000000e+00 1.000000000000000000e+00
1.182883456349372864e-01 -2.375021874904632568e-01 -9.641579985618591309e-01 1.060071229934692383e+00 4.353486895561218262e-01 8.850842118263244629e-01 -1.646128296852111816e-01 2.392191737890243530e-01 8.924568891525268555e-01 -4.002731442451477051e-01 2.080914229154586792e-01 5.102790594100952148e-01 0.000000000000000000e+00 0.000000000000000000e+00 0.000000000000000000e+00 1.000000000000000000e+00
1.179633885622024536e-01 -2.295598536729812622e-01 -9.661194682121276855e-01 1.053973436355590820e+00 4.287828207015991211e-01 8.893134593963623047e-01 -1.589554846286773682e-01 2.590963244438171387e-01 8.956728577613830566e-01 -3.955045044422149658e-01 2.033377438783645630e-01 5.485414862632751465e-01 0.000000000000000000e+00 0.000000000000000000e+00 0.000000000000000000e+00 1.000000000000000000e+00
3.179816529154777527e-02 -2.404639869928359985e-01 -9.701371192932128906e-01 1.043392777442932129e+00 3.978727757930755615e-01 8.934540748596191406e-01 -2.084158062934875488e-01 2.747287452220916748e-01 9.168894290924072266e-01 -3.793638944625854492e-01 1.240842714905738831e-01 5.790509581565856934e-01 0.000000000000000000e+00 0.000000000000000000e+00 0.000000000000000000e+00 1.000000000000000000e+00
4.480061307549476624e-02 -2.361790835857391357e-01 -9.706762433052062988e-01 1.026890873908996582e+00 3.921229839324951172e-01 8.978289961814880371e-01 -2.003562748432159424e-01 2.931594550609588623e-01 9.188212752342224121e-01 -3.716484010219573975e-01 1.328345388174057007e-01 6.122771501541137695e-01 0.000000000000000000e+00 0.000000000000000000e+00 0.000000000000000000e+00 1.000000000000000000e+00
1.377571653574705124e-02 -2.466600835323333740e-01 -9.690041542053222656e-01 1.003921389579772949e+00 4.161576926708221436e-01 8.825885653495788574e-01 -2.187467515468597412e-01 2.984987199306488037e-01 9.091880917549133301e-01 -4.002451300621032715e-01 1.148077845573425293e-01 6.527034044265747070e-01 0.000000000000000000e+00 0.000000000000000000e+00 0.000000000000000000e+00 1.000000000000000000e+00
-5.512760020792484283e-03 -2.409212291240692139e-01 -9.705290198326110840e-01 9.834113717079162598e-01 4.148480296134948730e-01 8.825349807739257812e-01 -2.214342355728149414e-01 3.030227422714233398e-01 9.098740220069885254e-01 -4.038427472114562988e-01 9.508048743009567261e-02 6.824334859848022461e-01 0.000000000000000000e+00 0.000000000000000000e+00 0.000000000000000000e+00 1.000000000000000000e+00
-1.177102774381637573e-01 -2.456519454717636108e-01 -9.621846675872802734e-01 9.609909057617187500e-01 4.590818285942077637e-01 8.457057476043701172e-01 -2.720765471458435059e-01 3.042428195476531982e-01 8.805612921714782715e-01 -4.737477302551269531e-01 1.322608534246683121e-02 7.147938013076782227e-01 0.000000000000000000e+00 0.000000000000000000e+00 0.000000000000000000e+00 1.000000000000000000e+00
-1.931391358375549316e-01 -2.489954978227615356e-01 -9.490513801574707031e-01 9.444168806076049805e-01 4.750146865844726562e-01 8.226228356361389160e-01 -3.124944567680358887e-01 3.077935278415679932e-01 8.585210442543029785e-01 -5.111683011054992676e-01 -4.060412943363189697e-02 7.353656888008117676e-01 0.000000000000000000e+00 0.000000000000000000e+00 0.000000000000000000e+00 1.000000000000000000e+00
-2.156044989824295044e-01 -2.698987722396850586e-01 -9.384398460388183594e-01 9.133462905883789062e-01 4.137404263019561768e-01 8.452626466751098633e-01 -3.381566107273101807e-01 3.194676339626312256e-01 8.844962120056152344e-01 -4.611786305904388428e-01 -7.057440280914306641e-02 7.589773535728454590e-01 0.000000000000000000e+00 0.000000000000000000e+00 0.000000000000000000e+00 1.000000000000000000e+00
-2.058896571397781372e-01 -2.606746554374694824e-01 -9.432169795036315918e-01 8.878163695335388184e-01 4.738261401653289795e-01 8.167869448661804199e-01 -3.291623890399932861e-01 3.373271524906158447e-01 8.562116026878356934e-01 -5.146920084953308105e-01 -4.465352371335029602e-02 7.916413545608520508e-01 0.000000000000000000e+00 0.000000000000000000e+00 0.000000000000000000e+00 1.000000000000000000e+00
-2.879857122898101807e-01 -2.660999298095703125e-01 -9.199212193489074707e-01 8.784513473510742188e-01 4.772945642471313477e-01 7.929154038429260254e-01 -3.787810504436492920e-01 3.534470200538635254e-01 8.302133083343505859e-01 -5.481569170951843262e-01 -1.013402417302131653e-01 8.225238919258117676e-01 0.000000000000000000e+00 0.000000000000000000e+00 0.000000000000000000e+00 1.000000000000000000e+00
-3.315433859825134277e-01 -2.635672986507415771e-01 -9.058759212493896484e-01 8.602677583694458008e-01 4.848656356334686279e-01 7.760725617408752441e-01 -4.032575786113739014e-01 3.701117336750030518e-01 8.093110322952270508e-01 -5.729255080223083496e-01 -1.295070201158523560e-01 8.530234694480895996e-01 0.000000000000000000e+00 0.000000000000000000e+00 0.000000000000000000e+00 1.000000000000000000e+00
-4.075705707073211670e-01 -2.423664331436157227e-01 -8.804230093955993652e-01 8.441941142082214355e-01 4.866024255752563477e-01 7.582063674926757812e-01 -4.339829385280609131e-01 3.857263624668121338e-01 7.727252840995788574e-01 -6.052946448326110840e-01 -1.910865157842636108e-01 8.834506869316101074e-01 0.000000000000000000e+00 0.000000000000000000e+00 0.000000000000000000e+00 1.000000000000000000e+00
-4.972093701362609863e-01 -2.132549136877059937e-01 -8.410143852233886719e-01 8.212482333183288574e-01 4.684119820594787598e-01 7.499455213546752930e-01 -4.670887887477874756e-01 3.973817527294158936e-01 7.303239107131958008e-01 -6.261820793151855469e-01 -2.729887664318084717e-01 9.070163369178771973e-01 0.000000000000000000e+00 0.000000000000000000e+00 0.000000000000000000e+00 1.000000000000000000e+00
-4.827657043933868408e-01 -2.494202256202697754e-01 -8.394801020622253418e-01 7.414101362228393555e-01 4.244192242622375488e-01 7.718545198440551758e-01 -4.734015464782714844e-01 4.284394085407257080e-01 7.660323977470397949e-01 -5.848335027694702148e-01 -2.667661309242248535e-01 9.612331986427307129e-01 0.000000000000000000e+00 0.000000000000000000e+00 0.000000000000000000e+00 1.000000000000000000e+00
-5.899388790130615234e-01 -2.018609941005706787e-01 -7.818083763122558594e-01 6.828027367591857910e-01 4.555687010288238525e-01 7.162039279937744141e-01 -5.286862850189208984e-01 4.520535171031951904e-01 6.666553020477294922e-01 -6.680600047111511230e-01 -3.305549919605255127e-01 9.990054368972778320e-01 0.000000000000000000e+00 0.000000000000000000e+00 0.000000000000000000e+00 1.000000000000000000e+00
-5.769138932228088379e-01 -2.172005325555801392e-01 -7.873971462249755859e-01 6.586639285087585449e-01 4.374843835830688477e-01 7.318981289863586426e-01 -5.224294662475585938e-01 4.647023677825927734e-01 6.897664666175842285e-01 -6.458707451820373535e-01 -3.272203505039215088e-01 1.020559549331665039e+00 0.000000000000000000e+00 0.000000000000000000e+00 0.000000000000000000e+00 1.000000000000000000e+00
-6.033182740211486816e-01 -1.781345158815383911e-01 -7.773513793945312500e-01 6.432867646217346191e-01 4.781072735786437988e-01 6.993576884269714355e-01 -5.313306450843811035e-01 4.781023561954498291e-01 6.382949948310852051e-01 -6.922188401222229004e-01 -3.367678523063659668e-01 1.046081781387329102e+00 0.000000000000000000e+00 0.000000000000000000e+00 0.000000000000000000e+00 1.000000000000000000e+00
-6.844451427459716797e-01 -1.921643167734146118e-01 -7.032835483551025391e-01 6.215571761131286621e-01 3.980331420898437500e-01 7.096993327140808105e-01 -5.812886357307434082e-01 4.894325733184814453e-01 6.108227968215942383e-01 -6.777903437614440918e-01 -4.092624783515930176e-01 1.066514611244201660e+00 0.000000000000000000e+00 0.000000000000000000e+00 0.000000000000000000e+00 1.000000000000000000e+00
-6.963564157485961914e-01 -1.941830813884735107e-01 -6.909273862838745117e-01 5.967837572097778320e-01 3.947851359844207764e-01 7.003295421600341797e-01 -5.947127342224121094e-01 5.004307031631469727e-01 5.993600487709045410e-01 -6.868999004364013672e-01 -4.110183715820312500e-01 1.085558891296386719e+00 0.000000000000000000e+00 0.000000000000000000e+00 0.000000000000000000e+00 1.000000000000000000e+00
-7.041311860084533691e-01 -1.867618113756179810e-01 -6.850688457489013672e-01 5.727096199989318848e-01 4.035549461841583252e-01 6.885747909545898438e-01 -6.025016307830810547e-01 5.083453059196472168e-01 5.842453837394714355e-01 -7.007031440734863281e-01 -4.094783067703247070e-01 1.098054885864257812e+00 0.000000000000000000e+00 0.000000000000000000e+00 0.000000000000000000e+00 1.000000000000000000e+00
-7.110679745674133301e-01 -1.820332109928131104e-01 -6.791511178016662598e-01 5.414339900016784668e-01 3.995501995086669922e-01 6.901920437812805176e-01 -6.033196449279785156e-01 5.204154253005981445e-01 5.785688757896423340e-01 -7.003562450408935547e-01 -4.180420637130737305e-01 1.118835210800170898e+00 0.000000000000000000e+00 0.000000000000000000e+00 0.000000000000000000e+00 1.000000000000000000e+00
-7.554598450660705566e-01 -1.786999255418777466e-01 -6.303544640541076660e-01 5.134658813476562500e-01 3.613565564155578613e-01 6.888928413391113281e-01 -6.283693909645080566e-01 5.305948257446289062e-01 5.465362071990966797e-01 -7.024905681610107422e-01 -4.558565020561218262e-01 1.136217951774597168e+00 0.000000000000000000e+00 0.000000000000000000e+00 0.000000000000000000e+00 1.000000000000000000e+00
-7.642529606819152832e-01 -1.651927679777145386e-01 -6.234009265899658203e-01 4.804592430591583252e-01 3.645586967468261719e-01 6.867191791534423828e-01 -6.288987398147583008e-01 5.395354628562927246e-01 5.319909453392028809e-01 -7.079039812088012695e-01 -4.646047353744506836e-01 1.149227619171142578e+00 0.000000000000000000e+00 0.000000000000000000e+00 0.000000000000000000e+00 1.000000000000000000e+00
-8.198325634002685547e-01 -1.163347586989402771e-01 -5.606610774993896484e-01 4.521021544933319092e-01 3.532531559467315674e-01 6.678506135940551758e-01 -6.551242470741271973e-01 5.503615140914916992e-01 4.506515562534332275e-01 -7.351474761962890625e-01 -5.064300298690795898e-01 1.169900298118591309e+00 0.000000000000000000e+00 0.000000000000000000e+00 0.000000000000000000e+00 1.000000000000000000e+00
-8.820011019706726074e-01 -1.167690977454185486e-01 -4.565511643886566162e-01 4.181288182735443115e-01 2.746294140815734863e-01 6.599296927452087402e-01 -6.993364691734313965e-01 5.579678416252136230e-01 3.829525709152221680e-01 -7.421979904174804688e-01 -5.499905347824096680e-01 1.181627988815307617e+00 0.000000000000000000e+00 0.000000000000000000e+00 0.000000000000000000e+00 1.000000000000000000e+00
-8.644751310348510742e-01 -1.330885440111160278e-01 -4.847371578216552734e-01 3.858345448970794678e-01 2.874400615692138672e-01 6.602255105972290039e-01 -6.938879489898681641e-01 5.670401453971862793e-01 4.123843908309936523e-01 -7.391817569732666016e-01 -5.324936509132385254e-01 1.195382595062255859e+00 0.000000000000000000e+00 0.000000000000000000e+00 0.000000000000000000e+00 1.000000000000000000e+00
-8.493548631668090820e-01 -1.793368458747863770e-01 -4.964218735694885254e-01 3.508310317993164062e-01 2.584532797336578369e-01 6.787355542182922363e-01 -6.874008774757385254e-01 5.777723789215087891e-01 4.602154791355133057e-01 -7.121491432189941406e-01 -5.301371216773986816e-01 1.209415912628173828e+00 0.000000000000000000e+00 0.000000000000000000e+00 0.000000000000000000e+00 1.000000000000000000e+00
-9.342978596687316895e-01 -6.629206240177154541e-02 -3.502753078937530518e-01 3.144426643848419189e-01 2.267160713672637939e-01 6.477693915367126465e-01 -7.273201942443847656e-01 5.851868987083435059e-01 2.751131951808929443e-01 -7.589467763900756836e-01 -5.901800990104675293e-01 1.221017837524414062e+00 0.000000000000000000e+00 0.000000000000000000e+00 0.000000000000000000e+00 1.000000000000000000e+00
-9.499348998069763184e-01 -3.029150702059268951e-02 -3.109760582447052002e-01 2.829172909259796143e-01 2.232435196638107300e-01 6.305394768714904785e-01 -7.433587908744812012e-01 5.930938124656677246e-01 2.186001241207122803e-01 -7.755659222602844238e-01 -5.922090411186218262e-01 1.230290889739990234e+00 0.000000000000000000e+00 0.000000000000000000e+00 0.000000000000000000e+00 1.000000000000000000e+00
-9.616854190826416016e-01 -2.465515770018100739e-02 -2.730444371700286865e-01 2.496277987957000732e-01 1.962761878967285156e-01 6.334247589111328125e-01 -7.484977245330810547e-01 6.000580191612243652e-01 1.914074271917343140e-01 -7.734113931655883789e-01 -6.043160557746887207e-01 1.239546418190002441e+00 0.000000000000000000e+00 0.000000000000000000e+00 0.000000000000000000e+00 1.000000000000000000e+00
-9.721898436546325684e-01 -3.434161469340324402e-02 -2.316626161336898804e-01 2.192975729703903198e-01 1.561328470706939697e-01 6.422444581985473633e-01 -7.504295706748962402e-01 6.054643392562866211e-01 1.745550036430358887e-01 -7.657301425933837891e-01 -6.190217137336730957e-01 1.247601389884948730e+00 0.000000000000000000e+00 0.000000000000000000e+00 0.000000000000000000e+00 1.000000000000000000e+00
-9.843468666076660156e-01 8.918737992644309998e-03 -1.760161966085433960e-01 1.876910626888275146e-01 1.413211077451705933e-01 6.366916298866271973e-01 -7.580580711364746094e-01 6.095775961875915527e-01 1.053071171045303345e-01 -7.710669636726379395e-01 -6.279858350753784180e-01 1.253022909164428711e+00 0.000000000000000000e+00 0.000000000000000000e+00 0.000000000000000000e+00 1.000000000000000000e+00
-9.918667078018188477e-01 4.391587898135185242e-02 -1.194646954536437988e-01 1.495352834463119507e-01 1.204349175095558167e-01 6.274915337562561035e-01 -7.692527174949645996e-01 6.117577552795410156e-01 4.118068516254425049e-02 -7.773838639259338379e-01 -6.276770234107971191e-01 1.253381133079528809e+00 0.000000000000000000e+00 0.000000000000000000e+00 0.000000000000000000e+00 1.000000000000000000e+00
-9.948391318321228027e-01 7.110686600208282471e-02 -7.238096743822097778e-02 1.082867383956909180e-01 1.010658666491508484e-01 6.312110424041748047e-01 -7.689982652664184570e-01 6.145192980766296387e-01 -8.993390947580337524e-03 -7.723447680473327637e-01 -6.351398825645446777e-01 1.251924276351928711e+00 0.000000000000000000e+00 0.000000000000000000e+00 0.000000000000000000e+00 1.000000000000000000e+00
-9.939094781875610352e-01 1.066607832908630371e-01 2.770230174064636230e-02 7.137722522020339966e-02 4.637343809008598328e-02 6.328608393669128418e-01 -7.728755474090576172e-01 6.133456230163574219e-01 -9.996721893548965454e-02 -7.668837308883666992e-01 -6.339526176452636719e-01 1.247183799743652344e+00 0.000000000000000000e+00 0.000000000000000000e+00 0.000000000000000000e+00 1.000000000000000000e+00
-9.849941134452819824e-01 1.299495398998260498e-01 1.135771721601486206e-01 3.360303863883018494e-02 -8.798238821327686310e-03 6.194186806678771973e-01 -7.850115299224853516e-01 6.105964183807373047e-01 -1.723636984825134277e-01 -7.742309570312500000e-01 -6.089803576469421387e-01 1.237473607063293457e+00 0.000000000000000000e+00 0.000000000000000000e+00 0.000000000000000000e+00 1.000000000000000000e+00
-9.868276715278625488e-01 1.125169619917869568e-01 1.162368282675743103e-01 -4.018888808786869049e-03 -2.134484797716140747e-02 6.216698884963989258e-01 -7.829884886741638184e-01 6.065048575401306152e-01 -1.603604257106781006e-01 -7.751557826995849609e-01 -6.110793948173522949e-01 1.223234057426452637e+00 0.000000000000000000e+00 0.000000000000000000e+00 0.000000000000000000e+00 1.000000000000000000e+00
-9.743907451629638672e-01 1.548314690589904785e-01 1.630638390779495239e-01 -3.968955948948860168e-02 -3.592889010906219482e-02 6.086553931236267090e-01 -7.926207780838012695e-01 5.983667373657226562e-01 -2.219723314046859741e-01 -7.781811356544494629e-01 -5.875052809715270996e-01 1.202280521392822266e+00 0.000000000000000000e+00 0.000000000000000000e+00 0.000000000000000000e+00 1.000000000000000000e+00
-9.666660428047180176e-01 1.966771930456161499e-01 1.639357358217239380e-01 -7.028571516275405884e-02 -1.273494120687246323e-02 6.025471091270446777e-01 -7.979816794395446777e-01 5.906400084495544434e-01 -2.557238042354583740e-01 -7.734695076942443848e-01 -5.799571275711059570e-01 1.181589007377624512e+00 0.000000000000000000e+00 0.000000000000000000e+00 0.000000000000000000e+00 1.000000000000000000e+00
-9.464946389198303223e-01 2.314081490039825439e-01 2.249401807785034180e-01 -9.864027798175811768e-02 -4.497867450118064880e-02 5.956199765205383301e-01 -8.020060658454895020e-01 5.795008540153503418e-01 -3.195696175098419189e-01 -7.692120075225830078e-01 -5.533427000045776367e-01 1.156460523605346680e+00 0.000000000000000000e+00 0.000000000000000000e+00 0.000000000000000000e+00 1.000000000000000000e+00
-9.422160387039184570e-01 2.324533015489578247e-01 2.412351220846176147e-01 -1.241035237908363342e-01 -6.373333930969238281e-02 5.825616121292114258e-01 -8.102839589118957520e-01 5.664198398590087891e-01 -3.288874924182891846e-01 -7.788372039794921875e-01 -5.340839028358459473e-01 1.126015663146972656e+00 0.000000000000000000e+00 0.000000000000000000e+00 0.000000000000000000e+00 1.000000000000000000e+00
-8.708605170249938965e-01 3.337725698947906494e-01 3.608293831348419189e-01 -1.470505893230438232e-01 -1.095209643244743347e-01 5.838753581047058105e-01 -8.044219613075256348e-01 5.520214438438415527e-01 -4.791733622550964355e-01 -7.400577068328857422e-01 -4.719189405441284180e-01 1.094018816947937012e+00 0.000000000000000000e+00 0.000000000000000000e+00 0.000000000000000000e+00 1.000000000000000000e+00
-8.456623554229736328e-01 3.464247286319732666e-01 4.060111641883850098e-01 -1.671315431594848633e-01 -1.546403914690017700e-01 5.690512657165527344e-01 -8.076304793357849121e-01 5.368310809135437012e-01 -5.108243823051452637e-01 -7.457684278488159180e-01 -4.276539683341979980e-01 1.059745907783508301e+00 0.000000000000000000e+00 0.000000000000000000e+00 0.000000000000000000e+00 1.000000000000000000e+00
-8.106699585914611816e-01 3.964899182319641113e-01 4.308247864246368408e-01 -1.800092607736587524e-01 -1.800281554460525513e-01 5.313789844512939453e-01 -8.277839422225952148e-01 5.219005346298217773e-01 -5.571391582489013672e-01 -7.486201524734497070e-01 -3.593936264514923096e-01 1.033151149749755859e+00 0.000000000000000000e+00 0.000000000000000000e+00 0.000000000000000000e+00 1.000000000000000000e+00
-6.851756572723388672e-01 5.010013580322265625e-01 5.287078619003295898e-01 -2.076360136270523071e-01 -2.209736853837966919e-01 5.486826896667480469e-01 -8.062989115715026855e-01 4.917441904544830322e-01 -6.940496563911437988e-01 -6.692869663238525391e-01 -2.652359306812286377e-01 9.698550105094909668e-01 0.000000000000000000e+00 0.000000000000000000e+00 0.000000000000000000e+00 1.000000000000000000e+00
-5.969696044921875000e-01 5.514764785766601562e-01 5.826670527458190918e-01 -2.388460636138916016e-01 -2.763721644878387451e-01 5.404589176177978516e-01 -7.946839332580566406e-01 4.596814215183258057e-01 -7.531571388244628906e-01 -6.354351639747619629e-01 -1.702248305082321167e-01 9.014789462089538574e-01 0.000000000000000000e+00 0.000000000000000000e+00 0.000000000000000000e+00 1.000000000000000000e+00
-4.720664918422698975e-01 6.319557428359985352e-01 6.146422624588012695e-01 -2.643783986568450928e-01 -2.656322121620178223e-01 5.628463029861450195e-01 -7.827155590057373047e-01 4.270958304405212402e-01 -8.405907154083251953e-01 -5.327625274658203125e-01 -9.783305972814559937e-02 8.334354758262634277e-01 0.000000000000000000e+00 0.000000000000000000e+00 0.000000000000000000e+00 1.000000000000000000e+00
-1.455291360616683960e-01 6.757076382637023926e-01 7.226620912551879883e-01 -3.457517623901367188e-01 -4.532568156719207764e-01 6.037388443946838379e-01 -6.557878255844116211e-01 3.548516333103179932e-01 -8.794200420379638672e-01 -4.229877591133117676e-01 2.184074968099594116e-01 6.839558482170104980e-01 0.000000000000000000e+00 0.000000000000000000e+00 0.000000000000000000e+00 1.000000000000000000e+00
