1.000000000000000000e+00 0.000000000000000000e+00 0.000000000000000000e+00 0.000000000000000000e+00 0.000000000000000000e+00 1.000000000000000000e+00 0.000000000000000000e+00 0.000000000000000000e+00 0.000000000000000000e+00 0.000000000000000000e+00 1.000000000000000000e+00 0.000000000000000000e+00 0.000000000000000000e+00 0.000000000000000000e+00 0.000000000000000000e+00 1.000000000000000000e+00
9.996553063392639160e-01 5.604709731414914131e-04 -2.624948695302009583e-02 1.033933926373720169e-02 -6.536308210343122482e-04 9.999935626983642578e-01 -3.540570382028818130e-03 -6.423057639040052891e-04 2.624733187258243561e-02 3.556507639586925507e-03 9.996491670608520508e-01 2.819163724780082703e-03 0.000000000000000000e+00 0.000000000000000000e+00 0.000000000000000000e+00 1.000000000000000000e+00
9.957486987113952637e-01 8.541125804185867310e-03 -9.171424061059951782e-02 3.668994829058647156e-02 -9.978068061172962189e-03 9.998343586921691895e-01 -1.522050891071557999e-02 -2.568767406046390533e-03 9.156904369592666626e-02 1.607093401253223419e-02 9.956690073013305664e-01 1.752664451487362385e-03 0.000000000000000000e+00 0.000000000000000000e+00 0.000000000000000000e+00 1.000000000000000000e+00
9.938272833824157715e-01 1.147242356091737747e-02 -1.103440076112747192e-01 6.181295588612556458e-02 -1.283163111656904221e-02 9.998502135276794434e-01 -1.161565911024808884e-02 -1.374123734422028065e-03 1.101942136883735657e-01 1.295985188335180283e-02 9.938256144523620605e-01 -4.269498400390148163e-03 0.000000000000000000e+00 0.000000000000000000e+00 0.000000000000000000e+00 1.000000000000000000e+00
9.931504130363464355e-01 1.230922061949968338e-02 -1.161926016211509705e-01 8.679921180009841919e-02 -1.337896194308996201e-02 9.998749494552612305e-01 -8.431181311607360840e-03 -1.763289910741150379e-03 1.160742864012718201e-01 9.927967563271522522e-03 9.931908845901489258e-01 -4.546835087239742279e-03 0.000000000000000000e+00 0.000000000000000000e+00 0.000000000000000000e+00 1.000000000000000000e+00
9.931359291076660156e-01 1.223203819245100021e-02 -1.163246482610702515e-01 1.156399995088577271e-01 -1.368187181651592255e-02 9.998382925987243652e-01 -1.167334988713264465e-02 -2.726170700043439865e-03 1.161630377173423767e-01 1.318476162850856781e-02 9.931426048278808594e-01 3.573838155716657639e-03 0.000000000000000000e+00 0.000000000000000000e+00 0.000000000000000000e+00 1.000000000000000000e+00
9.931930303573608398e-01 1.182631123811006546e-02 -1.158784776926040649e-01 1.287362724542617798e-01 -1.307345740497112274e-02 9.998644590377807617e-01 -1.000839564949274063e-02 -3.378743538632988930e-03 1.157444044947624207e-01 1.145520154386758804e-02 9.932129383087158203e-01 5.447798408567905426e-03 0.000000000000000000e+00 0.000000000000000000e+00 0.000000000000000000e+00 1.000000000000000000e+00
9.866778850555419922e-01 1.004878338426351547e-02 -1.623755991458892822e-01 1.571112722158432007e-01 -1.300596259534358978e-02 9.997681379318237305e-01 -1.715923845767974854e-02 -3.533961484208703041e-03 1.621655225753784180e-01 1.904249005019664764e-02 9.865797758102416992e-01 1.613104715943336487e-02 0.000000000000000000e+00 0.000000000000000000e+00 0.000000000000000000e+00 1.000000000000000000e+00
9.811667799949645996e-01 1.107682660222053528e-02 -1.928446888923645020e-01 1.788189858198165894e-01 -1.402700506150722504e-02 9.998044371604919434e-01 -1.393955573439598083e-02 -4.078289959579706192e-03 1.926525831222534180e-01 1.638206280767917633e-02 9.811302423477172852e-01 1.747458986937999725e-02 0.000000000000000000e+00 0.000000000000000000e+00 0.000000000000000000e+00 1.000000000000000000e+00
9.810581207275390625e-01 8.496974594891071320e-03 -1.935273557901382446e-01 1.918510794639587402e-01 -8.745593018829822540e-03 9.999616742134094238e-01 -4.303577297832816839e-04 -1.499623176641762257e-03 1.935162842273712158e-01 2.114717382937669754e-03 9.810947775840759277e-01 1.343068946152925491e-02 0.000000000000000000e+00 0.000000000000000000e+00 0.000000000000000000e+00 1.000000000000000000e+00
9.660190939903259277e-01 -2.110667759552598000e-03 -2.584619522094726562e-01 2.180856764316558838e-01 3.832915099337697029e-03 9.999737143516540527e-01 6.159734446555376053e-03 -6.580579793080687523e-04 2.584421336650848389e-01 -6.941084284335374832e-03 9.660018086433410645e-01 1.906855963170528412e-02 0.000000000000000000e+00 0.000000000000000000e+00 0.000000000000000000e+00 1.000000000000000000e+00
9.544248580932617188e-01 -3.914409782737493515e-03 -2.984254956245422363e-01 2.410655468702316284e-01 4.680756479501724243e-03 9.999873638153076172e-01 1.853294437751173973e-03 -2.923961495980620384e-03 2.984144985675811768e-01 -3.165687667205929756e-03 9.544311165809631348e-01 1.879180781543254852e-02 0.000000000000000000e+00 0.000000000000000000e+00 0.000000000000000000e+00 1.000000000000000000e+00
9.689362049102783203e-01 -5.350485444068908691e-03 -2.472529560327529907e-01 2.580331563949584961e-01 7.260126061737537384e-03 9.999504089355468750e-01 6.812371313571929932e-03 -2.728614490479230881e-03 2.472042441368103027e-01 -8.395841345191001892e-03 9.689270257949829102e-01 1.398389600217342377e-02 0.000000000000000000e+00 0.000000000000000000e+00 0.000000000000000000e+00 1.000000000000000000e+00
9.743828177452087402e-01 -3.205921500921249390e-03 -2.248729616403579712e-01 2.828374505043029785e-01 3.530148183926939964e-03 9.999932646751403809e-01 1.039769849739968777e-03 -1.688254298642277718e-03 2.248681038618087769e-01 -1.806968706659972668e-03 9.743875265121459961e-01 2.139336615800857544e-02 0.000000000000000000e+00 0.000000000000000000e+00 0.000000000000000000e+00 1.000000000000000000e+00
9.691756367683410645e-01 5.933388601988554001e-03 -2.462994307279586792e-01 3.036724328994750977e-01 -6.288969889283180237e-03 9.999799728393554688e-01 -6.571107660420238972e-04 -3.911533392965793610e-03 2.462905943393707275e-01 2.185825491324067116e-03 9.691935181617736816e-01 2.945380844175815582e-02 0.000000000000000000e+00 0.000000000000000000e+00 0.000000000000000000e+00 1.000000000000000000e+00
9.675487875938415527e-01 7.866183295845985413e-03 -2.525617480278015137e-01 3.220549523830413818e-01 -8.831035345792770386e-03 9.999573826789855957e-01 -2.686907537281513214e-03 -3.516354830935597420e-03 2.525298893451690674e-01 4.830096382647752762e-03 9.675770401954650879e-01 3.758914768695831299e-02 0.000000000000000000e+00 0.000000000000000000e+00 0.000000000000000000e+00 1.000000000000000000e+00
9.652427434921264648e-01 1.254073251038789749e-02 -2.610539495944976807e-01 3.476632237434387207e-01 -1.216918975114822388e-02 9.999213218688964844e-01 3.039694158360362053e-03 -4.323990084230899811e-03 2.610715329647064209e-01 2.427720901323482394e-04 9.653194546699523926e-01 4.822955653071403503e-02 0.000000000000000000e+00 0.000000000000000000e+00 0.000000000000000000e+00 1.000000000000000000e+00
9.677891731262207031e-01 1.027397532016038895e-02 -2.515521645545959473e-01 3.597202003002166748e-01 -7.977146655321121216e-03 9.999166727066040039e-01 1.014868356287479401e-02 -2.793935127556324005e-03 2.516354620456695557e-01 -7.815117947757244110e-03 9.677905440330505371e-01 4.997682943940162659e-02 0.000000000000000000e+00 0.000000000000000000e+00 0.000000000000000000e+00 1.000000000000000000e+00
9.567949175834655762e-01 2.517706248909235001e-03 -2.907527387142181396e-01 3.806051313877105713e-01 3.506632347125560045e-04 9.999517798423767090e-01 9.812796488404273987e-03 -2.774588763713836670e-03 2.907634377479553223e-01 -9.490789845585823059e-03 9.567478895187377930e-01 5.558351799845695496e-02 0.000000000000000000e+00 0.000000000000000000e+00 0.000000000000000000e+00 1.000000000000000000e+00
9.445194005966186523e-01 2.751584397628903389e-03 -3.284442126750946045e-01 4.093599021434783936e-01 1.817135722376406193e-03 9.999058246612548828e-01 1.360244676470756531e-02 -5.162032321095466614e-03 3.284507095813751221e-01 -1.344460248947143555e-02 9.444254040718078613e-01 6.350076943635940552e-02 0.000000000000000000e+00 0.000000000000000000e+00 0.000000000000000000e+00 1.000000000000000000e+00
9.416562318801879883e-01 2.650793641805648804e-03 -3.365657627582550049e-01 4.291291236877441406e-01 -2.411380410194396973e-03 9.999964237213134766e-01 1.129327574744820595e-03 -4.102594219148159027e-03 3.365675508975982666e-01 -2.518503461033105850e-04 9.416593313217163086e-01 7.936933636665344238e-02 0.000000000000000000e+00 0.000000000000000000e+00 0.000000000000000000e+00 1.000000000000000000e+00
9.278731942176818848e-01 5.766856949776411057e-03 -3.728512823581695557e-01 4.546108543872833252e-01 -7.177495397627353668e-03 9.999713301658630371e-01 -2.395361429080367088e-03 -3.484902903437614441e-03 3.728267550468444824e-01 4.898730199784040451e-03 9.278880357742309570e-01 9.053009748458862305e-02 0.000000000000000000e+00 0.000000000000000000e+00 0.000000000000000000e+00 1.000000000000000000e+00
9.080513715744018555e-01 1.002580858767032623e-02 -4.187388122081756592e-01 4.904543161392211914e-01 -9.781268425285816193e-03 9.999484419822692871e-01 2.730575157329440117e-03 -3.850084263831377029e-03 4.187445938587188721e-01 1.616294146515429020e-03 9.081025719642639160e-01 9.775721281766891479e-02 0.000000000000000000e+00 0.000000000000000000e+00 0.000000000000000000e+00 1.000000000000000000e+00
9.080768823623657227e-01 7.908805273473262787e-03 -4.187288582324981689e-01 5.167462229728698730e-01 -9.629225358366966248e-03 9.999516606330871582e-01 -1.995689701288938522e-03 -7.987380377016961575e-05 4.186928272247314453e-01 5.844273604452610016e-03 9.081091284751892090e-01 1.113994941115379333e-01 0.000000000000000000e+00 0.000000000000000000e+00 0.000000000000000000e+00 1.000000000000000000e+00
8.994827866554260254e-01 8.397492580115795135e-03 -4.368754923343658447e-01 5.431071519851684570e-01 -8.564162999391555786e-03 9.999620318412780762e-01 1.588225015439093113e-03 -9.942691540345549583e-04 4.368722438812255859e-01 2.312891883775591850e-03 8.995206356048583984e-01 1.290044039487838745e-01 0.000000000000000000e+00 0.000000000000000000e+00 0.000000000000000000e+00 1.000000000000000000e+00
8.675071597099304199e-01 8.830606006085872650e-03 -4.973463714122772217e-01 5.821381211280822754e-01 -6.170355249196290970e-03 9.999564886093139648e-01 6.991897244006395340e-03 -1.575453323312103748e-03 4.973864853382110596e-01 -2.996716648340225220e-03 8.675238490104675293e-01 1.374372541904449463e-01 0.000000000000000000e+00 0.000000000000000000e+00 0.000000000000000000e+00 1.000000000000000000e+00
8.598209023475646973e-01 4.998541902750730515e-03 -5.105713009834289551e-01 6.126183271408081055e-01 -4.044927656650543213e-03 9.999874234199523926e-01 2.978165401145815849e-03 3.066491335630416870e-04 5.105798244476318359e-01 -4.954647156409919262e-04 8.598302006721496582e-01 1.552205234766006470e-01 0.000000000000000000e+00 0.000000000000000000e+00 0.000000000000000000e+00 1.000000000000000000e+00
8.279976844787597656e-01 4.046934191137552261e-03 -5.607168674468994141e-01 6.410525441169738770e-01 -3.440573578700423241e-03 9.999918341636657715e-01 2.136753872036933899e-03 -7.715171668678522110e-04 5.607209205627441406e-01 1.599605748197063804e-04 8.280048370361328125e-01 1.664974391460418701e-01 0.000000000000000000e+00 0.000000000000000000e+00 0.000000000000000000e+00 1.000000000000000000e+00
7.990707755088806152e-01 5.168772302567958832e-03 -6.012147665023803711e-01 6.711075305938720703e-01 -3.912765532732009888e-03 9.999865889549255371e-01 3.396666841581463814e-03 -3.436701372265815735e-03 6.012242436408996582e-01 -3.617647744249552488e-04 7.990802526473999023e-01 1.793893724679946899e-01 0.000000000000000000e+00 0.000000000000000000e+00 0.000000000000000000e+00 1.000000000000000000e+00
7.778600454330444336e-01 4.210755228996276855e-03 -6.284233927726745605e-01 6.865558028221130371e-01 -4.924406297504901886e-03 9.999876618385314941e-01 6.050133379176259041e-04 -3.414839040488004684e-03 6.284182071685791016e-01 2.623996231704950333e-03 7.778712511062622070e-01 2.000879496335983276e-01 0.000000000000000000e+00 0.000000000000000000e+00 0.000000000000000000e+00 1.000000000000000000e+00
7.427700161933898926e-01 4.181705415248870850e-03 -6.695336103439331055e-01 7.055562138557434082e-01 -4.154432564973831177e-03 9.999899864196777344e-01 1.636774628423154354e-03 -3.047057660296559334e-03 6.695337891578674316e-01 1.565785030834376812e-03 7.427799105644226074e-01 2.210221141576766968e-01 0.000000000000000000e+00 0.000000000000000000e+00 0.000000000000000000e+00 1.000000000000000000e+00
7.241666316986083984e-01 6.448816973716020584e-03 -6.895948052406311035e-01 7.385005354881286621e-01 -5.066361278295516968e-03 9.999790787696838379e-01 4.031051415950059891e-03 -4.679265897721052170e-03 6.896063685417175293e-01 5.745838861912488937e-04 7.241841554641723633e-01 2.406423687934875488e-01 0.000000000000000000e+00 0.000000000000000000e+00 0.000000000000000000e+00 1.000000000000000000e+00
7.034118175506591797e-01 -1.570240780711174011e-02 -7.106090784072875977e-01 7.628008127212524414e-01 -1.442708820104598999e-02 9.992345571517944336e-01 -3.636116161942481995e-02 -5.261639598757028580e-03 7.106361389160156250e-01 3.582888841629028320e-02 7.026468515396118164e-01 2.612563967704772949e-01 0.000000000000000000e+00 0.000000000000000000e+00 0.000000000000000000e+00 1.000000000000000000e+00
6.963412165641784668e-01 -8.322664536535739899e-03 -7.176626324653625488e-01 7.884231209754943848e-01 -2.391761168837547302e-02 9.991083145141601562e-01 -3.479359298944473267e-02 -5.681280978024005890e-03 7.173122167587280273e-01 4.139298945665359497e-02 6.955211758613586426e-01 2.820665538311004639e-01 0.000000000000000000e+00 0.000000000000000000e+00 0.000000000000000000e+00 1.000000000000000000e+00
6.651204228401184082e-01 3.571280464529991150e-02 -7.458816766738891602e-01 8.194208145141601562e-01 -3.276643157005310059e-02 9.992894530296325684e-01 1.862736791372299194e-02 -5.341023206710815430e-03 7.460169196128845215e-01 1.205043774098157883e-02 6.658179163932800293e-01 2.975430786609649658e-01 0.000000000000000000e+00 0.000000000000000000e+00 0.000000000000000000e+00 1.000000000000000000e+00
6.525502204895019531e-01 4.402538016438484192e-02 -7.564654350280761719e-01 8.287212252616882324e-01 -2.627678774297237396e-02 9.990250468254089355e-01 3.547490015625953674e-02 -4.300096537917852402e-03 7.572897672653198242e-01 -3.271671244874596596e-03 6.530708670616149902e-01 3.257669806480407715e-01 0.000000000000000000e+00 0.000000000000000000e+00 0.000000000000000000e+00 1.000000000000000000e+00
6.380311846733093262e-01 3.911054879426956177e-02 -7.690166234970092773e-01 8.472530841827392578e-01 -3.320945426821708679e-02 9.991776347160339355e-01 2.326311171054840088e-02 -6.103754509240388870e-03 7.692940235137939453e-01 1.069603301584720612e-02 6.388053297996520996e-01 3.427121043205261230e-01 0.000000000000000000e+00 0.000000000000000000e+00 0.000000000000000000e+00 1.000000000000000000e+00
5.849972367286682129e-01 4.188884049654006958e-02 -8.099528551101684570e-01 8.743333816528320312e-01 -3.941300883889198303e-02 9.989537000656127930e-01 2.319704554975032806e-02 -8.022755384445190430e-03 8.100771307945251465e-01 1.835247315466403961e-02 5.860360860824584961e-01 3.628930747509002686e-01 0.000000000000000000e+00 0.000000000000000000e+00 0.000000000000000000e+00 1.000000000000000000e+00
5.767779946327209473e-01 4.097196087241172791e-02 -8.158728480339050293e-01 8.869900107383728027e-01 -3.875178471207618713e-02 9.989893436431884766e-01 2.277239225804805756e-02 -8.597938343882560730e-03 8.159812688827514648e-01 1.848191209137439728e-02 5.777828097343444824e-01 3.865771293640136719e-01 0.000000000000000000e+00 0.000000000000000000e+00 0.000000000000000000e+00 1.000000000000000000e+00
5.627332329750061035e-01 3.530601784586906433e-02 -8.258842825889587402e-01 8.979640007019042969e-01 -3.320113942027091980e-02 9.992466568946838379e-01 2.009486965835094452e-02 -1.015960332006216049e-02 8.259715437889099121e-01 1.611224375665187836e-02 5.634815096855163574e-01 4.086718857288360596e-01 0.000000000000000000e+00 0.000000000000000000e+00 0.000000000000000000e+00 1.000000000000000000e+00
5.270015597343444824e-01 3.478720039129257202e-02 -8.491520881652832031e-01 9.225282669067382812e-01 -3.171261027455329895e-02 9.992709755897521973e-01 2.125561051070690155e-02 -1.126446668058633804e-02 8.492724299430847168e-01 1.572708785533905029e-02 5.277205705642700195e-01 4.331148564815521240e-01 0.000000000000000000e+00 0.000000000000000000e+00 0.000000000000000000e+00 1.000000000000000000e+00
5.218709111213684082e-01 3.170770034193992615e-02 -8.524349331855773926e-01 9.343633055686950684e-01 -2.979633025825023651e-02 9.993766546249389648e-01 1.893176324665546417e-02 -1.129121333360671997e-02 8.525039553642272949e-01 1.551949698477983475e-02 5.224903821945190430e-01 4.596801102161407471e-01 0.000000000000000000e+00 0.000000000000000000e+00 0.000000000000000000e+00 1.000000000000000000e+00
5.015083551406860352e-01 2.007398754358291626e-02 -8.649199008941650391e-01 9.479427337646484375e-01 -2.457748167216777802e-02 9.996578693389892578e-01 8.950317278504371643e-03 -1.393004041165113449e-02 8.648036718368530273e-01 1.676889322698116302e-02 5.018301606178283691e-01 4.821667671203613281e-01 0.000000000000000000e+00 0.000000000000000000e+00 0.000000000000000000e+00 1.000000000000000000e+00
4.617197811603546143e-01 1.810794696211814880e-02 -8.868409991264343262e-01 9.704194068908691406e-01 -2.248028852045536041e-02 9.997093677520751953e-01 8.708540350198745728e-03 -1.584542356431484222e-02 8.867409229278564453e-01 1.591553539037704468e-02 4.619926512241363525e-01 5.064128637313842773e-01 0.000000000000000000e+00 0.000000000000000000e+00 0.000000000000000000e+00 1.000000000000000000e+00
4.613050520420074463e-01 1.651862636208534241e-02 -8.870878219604492188e-01 9.797428250312805176e-01 -2.095920033752918243e-02 9.997505545616149902e-01 7.717297412455081940e-03 -1.463056914508342743e-02 8.869940042495727539e-01 1.503262296319007874e-02 4.615361988544464111e-01 5.338756442070007324e-01 0.000000000000000000e+00 0.000000000000000000e+00 0.000000000000000000e+00 1.000000000000000000e+00
4.592509269714355469e-01 1.643340475857257843e-02 -8.881545662879943848e-01 9.895116686820983887e-01 -2.029182016849517822e-02 9.997620582580566406e-01 8.005877956748008728e-03 -1.579857245087623596e-02 8.880747556686401367e-01 1.434556767344474792e-02 4.594750702381134033e-01 5.622109174728393555e-01 0.000000000000000000e+00 0.000000000000000000e+00 0.000000000000000000e+00 1.000000000000000000e+00
4.538727402687072754e-01 2.123513445258140564e-02 -8.908134102821350098e-01 1.013746261596679688e+00 -2.161676622927188873e-02 9.996842145919799805e-01 1.281656417995691299e-02 -1.733198575675487518e-02 8.908042311668395996e-01 1.343941688537597656e-02 4.541884064674377441e-01 5.891230106353759766e-01 0.000000000000000000e+00 0.000000000000000000e+00 0.000000000000000000e+00 1.000000000000000000e+00
4.546669423580169678e-01 1.570028252899646759e-02 -8.905231356620788574e-01 1.026385188102722168e+00 -2.079529315233230591e-02 9.997591972351074219e-01 7.008879445493221283e-03 -1.697295717895030975e-02 8.904187679290771484e-01 1.533198449760675430e-02 4.548839628696441650e-01 6.156320571899414062e-01 0.000000000000000000e+00 0.000000000000000000e+00 0.000000000000000000e+00 1.000000000000000000e+00
4.400657117366790771e-01 1.441995706409215927e-02 -8.978497982025146484e-01 1.038366317749023438e+00 -2.040108107030391693e-02 9.997735619544982910e-01 6.057667545974254608e-03 -1.991324685513973236e-02 8.977338075637817383e-01 1.565133407711982727e-02 4.402602314949035645e-01 6.433702707290649414e-01 0.000000000000000000e+00 0.000000000000000000e+00 0.000000000000000000e+00 1.000000000000000000e+00
3.994080424308776855e-01 1.924383267760276794e-02 -9.165713191032409668e-01 1.055938839912414551e+00 -2.173270657658576965e-02 9.996974468231201172e-01 1.151879038661718369e-02 -2.218194119632244110e-02 9.165156483650207520e-01 1.531887706369161606e-02 3.997054100036621094e-01 6.714168787002563477e-01 0.000000000000000000e+00 0.000000000000000000e+00 0.000000000000000000e+00 1.000000000000000000e+00
3.950830399990081787e-01 1.875307038426399231e-02 -9.184539318084716797e-01 1.056496977806091309e+00 -2.117892727255821228e-02 9.997118115425109863e-01 1.130185183137655258e-02 -2.114352211356163025e-02 9.184012413024902344e-01 1.498669944703578949e-02 3.953663706779479980e-01 7.000986337661743164e-01 0.000000000000000000e+00 0.000000000000000000e+00 0.000000000000000000e+00 1.000000000000000000e+00
3.760903477668762207e-01 1.436387374997138977e-02 -9.264716506004333496e-01 1.068428039550781250e+00 -2.060803025960922241e-02 9.997621774673461914e-01 7.134569808840751648e-03 -2.207637391984462738e-02 9.263538122177124023e-01 1.640951260924339294e-02 3.762969076633453369e-01 7.242763042449951172e-01 0.000000000000000000e+00 0.000000000000000000e+00 0.000000000000000000e+00 1.000000000000000000e+00
2.992471456527709961e-01 1.853665336966514587e-02 -9.539955258369445801e-01 1.086662411689758301e+00 -2.207793667912483215e-02 9.996780753135681152e-01 1.249893289059400558e-02 -2.432602830231189728e-02 9.539201855659484863e-01 1.732198335230350494e-02 2.995600700378417969e-01 7.512234449386596680e-01 0.000000000000000000e+00 0.000000000000000000e+00 0.000000000000000000e+00 1.000000000000000000e+00
2.909969687461853027e-01 2.051535062491893768e-02 -9.565039873123168945e-01 1.091951727867126465e+00 -2.211384475231170654e-02 9.996472001075744629e-01 1.471300609409809113e-02 -2.426791563630104065e-02 9.564684033393859863e-01 1.687053963541984558e-02 2.913479804992675781e-01 7.785216569900512695e-01 0.000000000000000000e+00 0.000000000000000000e+00 0.000000000000000000e+00 1.000000000000000000e+00
2.800738811492919922e-01 1.789914630353450775e-02 -9.598115682601928711e-01 1.102487206459045410e+00 -2.224613726139068604e-02 9.996786713600158691e-01 1.215116865932941437e-02 -2.626665309071540833e-02 9.597206115722656250e-01 1.794887334108352661e-02 2.803820967674255371e-01 8.030813336372375488e-01 0.000000000000000000e+00 0.000000000000000000e+00 0.000000000000000000e+00 1.000000000000000000e+00
2.521452605724334717e-01 2.058881148695945740e-02 -9.674703478813171387e-01 1.122233629226684570e+00 -2.202437072992324829e-02 9.996367692947387695e-01 1.553328428417444229e-02 -2.899923175573348999e-02 9.674386978149414062e-01 1.739128306508064270e-02 2.525071203708648682e-01 8.324764966964721680e-01 0.000000000000000000e+00 0.000000000000000000e+00 0.000000000000000000e+00 1.000000000000000000e+00
2.489701360464096069e-01 1.911110430955886841e-02 -9.683226346969604492e-01 1.124059438705444336e+00 -2.129490487277507782e-02 9.996715784072875977e-01 1.425458118319511414e-02 -2.854435704648494720e-02 9.682770371437072754e-01 1.707137376070022583e-02 2.492953389883041382e-01 8.636798262596130371e-01 0.000000000000000000e+00 0.000000000000000000e+00 0.000000000000000000e+00 1.000000000000000000e+00
2.205419391393661499e-01 1.939673721790313721e-02 -9.751846194267272949e-01 1.126466631889343262e+00 -2.078306116163730621e-02 9.996687173843383789e-01 1.518356055021286011e-02 -3.029601275920867920e-02 9.751560091972351074e-01 1.691870950162410736e-02 2.208719849586486816e-01 8.992484807968139648e-01 0.000000000000000000e+00 0.000000000000000000e+00 0.000000000000000000e+00 1.000000000000000000e+00
1.612319052219390869e-01 2.171222306787967682e-02 -9.866776466369628906e-01 1.129009485244750977e+00 -1.791150495409965515e-02 9.996576905250549316e-01 1.907095499336719513e-02 -3.321098908782005310e-02 9.867540001869201660e-01 1.459803525358438492e-02 1.615656018257141113e-01 9.324210286140441895e-01 0.000000000000000000e+00 0.000000000000000000e+00 0.000000000000000000e+00 1.000000000000000000e+00
1.457286179065704346e-01 1.841391250491142273e-02 -9.891532659530639648e-01 1.121028065681457520e+00 -1.603271625936031342e-02 9.997394680976867676e-01 1.624893583357334137e-02 -3.404093161225318909e-02 9.891946911811828613e-01 1.349087804555892944e-02 1.459858715534210205e-01 9.603284597396850586e-01 0.000000000000000000e+00 0.000000000000000000e+00 0.000000000000000000e+00 1.000000000000000000e+00
1.191007867455482483e-01 2.095877565443515778e-02 -9.926609396934509277e-01 1.121326804161071777e+00 -1.517731696367263794e-02 9.996987581253051758e-01 1.928637735545635223e-02 -3.423392772674560547e-02 9.927662014961242676e-01 1.276890560984611511e-02 1.193830147385597229e-01 9.898464679718017578e-01 0.000000000000000000e+00 0.000000000000000000e+00 0.000000000000000000e+00 1.000000000000000000e+00
4.938357323408126831e-02 2.674588747322559357e-02 -9.984217286109924316e-01 1.130161404609680176e+00 -1.625534147024154663e-02 9.995305538177490234e-01 2.597157657146453857e-02 -3.786187246441841125e-02 9.986476302146911621e-01 1.494711730629205704e-02 4.979514703154563904e-02 1.023884057998657227e+00 0.000000000000000000e+00 0.000000000000000000e+00 0.000000000000000000e+00 1.000000000000000000e+00
4.120182618498802185e-02 2.795457281172275543e-02 -9.987597465515136719e-01 1.123144149780273438e+00 -1.676308177411556244e-02 9.994871616363525391e-01 2.728340774774551392e-02 -3.674624487757682800e-02 9.990102052688598633e-01 1.561816316097974777e-02 4.164930060505867004e-02 1.058811783790588379e+00 0.000000000000000000e+00 0.000000000000000000e+00 0.000000000000000000e+00 1.000000000000000000e+00
-4.662610124796628952e-03 3.715588524937629700e-02 -9.992985725402832031e-01 1.129678368568420410e+00 -1.797356829047203064e-02 9.991449117660522461e-01 3.723403438925743103e-02 -3.756995126605033875e-02 9.998276233673095703e-01 1.813456788659095764e-02 -3.990799654275178909e-03 1.095216393470764160e+00 0.000000000000000000e+00 0.000000000000000000e+00 0.000000000000000000e+00 1.000000000000000000e+00
-5.861427634954452515e-02 3.913360461592674255e-02 -9.975134134292602539e-01 1.132104992866516113e+00 -1.462908554822206497e-02 9.990903735160827637e-01 4.005508124828338623e-02 -4.043560847640037537e-02 9.981734752655029297e-01 1.694050803780555725e-02 -5.798846855759620667e-02 1.128051757812500000e+00 0.000000000000000000e+00 0.000000000000000000e+00 0.000000000000000000e+00 1.000000000000000000e+00
-6.259109824895858765e-02 3.639526665210723877e-02 -9.973754286766052246e-01 1.120631694793701172e+00 -1.408758666366338730e-02 9.992030858993530273e-01 3.734604269266128540e-02 -4.250397533178329468e-02 9.979398250579833984e-01 1.638814061880111694e-02 -6.202849745750427246e-02 1.160332083702087402e+00 0.000000000000000000e+00 0.000000000000000000e+00 0.000000000000000000e+00 1.000000000000000000e+00
-1.116666048765182495e-01 3.707637265324592590e-02 -9.930537939071655273e-01 1.117918133735656738e+00 -1.422968041151762009e-02 9.991416335105895996e-01 3.890376165509223938e-02 -4.307335242629051208e-02 9.936438798904418945e-01 1.847508922219276428e-02 -1.110431700944900513e-01 1.197377920150756836e+00 0.000000000000000000e+00 0.000000000000000000e+00 0.000000000000000000e+00 1.000000000000000000e+00
-1.765446960926055908e-01 3.911432996392250061e-02 -9.835151433944702148e-01 1.111769318580627441e+00 -1.076655182987451553e-02 9.990735650062561035e-01 4.166572540998458862e-02 -4.531344398856163025e-02 9.842337369918823242e-01 1.794492825865745544e-02 -1.759600192308425903e-01 1.234256863594055176e+00 0.000000000000000000e+00 0.000000000000000000e+00 0.000000000000000000e+00 1.000000000000000000e+00
-1.788043826818466187e-01 4.147278517484664917e-02 -9.830101728439331055e-01 1.093995928764343262e+00 -9.878573939204216003e-03 9.989851713180541992e-01 4.394362494349479675e-02 -4.660866037011146545e-02 9.838350415229797363e-01 1.756805181503295898e-02 -1.782132387161254883e-01 1.264068841934204102e+00 0.000000000000000000e+00 0.000000000000000000e+00 0.000000000000000000e+00 1.000000000000000000e+00
-1.903483569622039795e-01 4.172036051750183105e-02 -9.808297157287597656e-01 1.089920997619628906e+00 -1.032166555523872375e-02 9.989562630653381348e-01 4.449450224637985229e-02 -4.757495597004890442e-02 9.816623926162719727e-01 1.859325170516967773e-02 -1.897190660238265991e-01 1.295066475868225098e+00 0.000000000000000000e+00 0.000000000000000000e+00 0.000000000000000000e+00 1.000000000000000000e+00
-1.912077963352203369e-01 4.107059538364410400e-02 -9.806899428367614746e-01 1.083394169807434082e+00 -1.025910861790180206e-02 9.989860057830810547e-01 4.383707046508789062e-02 -5.072945728898048401e-02 9.814959764480590820e-01 1.844299398362636566e-02 -1.905925720930099487e-01 1.323902487754821777e+00 0.000000000000000000e+00 0.000000000000000000e+00 0.000000000000000000e+00 1.000000000000000000e+00
-1.906872093677520752e-01 3.782957419753074646e-02 -9.809216260910034180e-01 1.066820025444030762e+00 -1.988949254155158997e-02 9.989031553268432617e-01 4.238947480916976929e-02 -5.087082833051681519e-02 9.814493656158447266e-01 2.759316377341747284e-02 -1.897256523370742798e-01 1.345514655113220215e+00 0.000000000000000000e+00 0.000000000000000000e+00 0.000000000000000000e+00 1.000000000000000000e+00
-2.431033551692962646e-01 3.618985787034034729e-02 -9.693250060081481934e-01 1.058147072792053223e+00 -2.314618788659572601e-02 9.988028407096862793e-01 4.309539124369621277e-02 -5.084093660116195679e-02 9.697242379188537598e-01 3.291281312704086304e-02 -2.419746518135070801e-01 1.376204490661621094e+00 0.000000000000000000e+00 0.000000000000000000e+00 0.000000000000000000e+00 1.000000000000000000e+00
-3.117958903312683105e-01 3.942475467920303345e-02 -9.493308663368225098e-01 1.052873253822326660e+00 -2.057700604200363159e-02 9.986242651939392090e-01 4.823012650012969971e-02 -5.301197245717048645e-02 9.499262571334838867e-01 3.457234427332878113e-02 -3.105556964874267578e-01 1.409225463867187500e+00 0.000000000000000000e+00 0.000000000000000000e+00 0.000000000000000000e+00 1.000000000000000000e+00
-3.184541165828704834e-01 3.711651638150215149e-02 -9.472113847732543945e-01 1.033970832824707031e+00 -2.025741897523403168e-02 9.987385272979736328e-01 4.594619199633598328e-02 -5.320020765066146851e-02 9.477218389511108398e-01 3.381981328129768372e-02 -3.173005282878875732e-01 1.429029464721679688e+00 0.000000000000000000e+00 0.000000000000000000e+00 0.000000000000000000e+00 1.000000000000000000e+00
-3.423518538475036621e-01 3.679344430565834045e-02 -9.388511776924133301e-01 1.022549867630004883e+00 -1.935052312910556793e-02 9.987449049949645996e-01 4.619683697819709778e-02 -5.360896512866020203e-02 9.393725395202636719e-01 3.398283571004867554e-02 -3.412102162837982178e-01 1.453115344047546387e+00 0.000000000000000000e+00 0.000000000000000000e+00 0.000000000000000000e+00 1.000000000000000000e+00
-4.035337269306182861e-01 3.983313590288162231e-02 -9.140972495079040527e-01 1.015909194946289062e+00 -1.744894310832023621e-02 9.985352158546447754e-01 5.121558159589767456e-02 -5.747701972723007202e-02 9.147983789443969727e-01 3.661724925041198730e-02 -4.022475779056549072e-01 1.488149285316467285e+00 0.000000000000000000e+00 0.000000000000000000e+00 0.000000000000000000e+00 1.000000000000000000e+00
-4.038000404834747314e-01 3.748979046940803528e-02 -9.140788316726684570e-01 9.990313649177551270e-01 -1.654990389943122864e-02 9.986971020698547363e-01 4.827132821083068848e-02 -5.770619586110115051e-02 9.146975278854370117e-01 3.461988270282745361e-02 -4.026534855365753174e-01 1.515425205230712891e+00 0.000000000000000000e+00 0.000000000000000000e+00 0.000000000000000000e+00 1.000000000000000000e+00
-4.266285300254821777e-01 3.386765718460083008e-02 -9.037926197052001953e-01 9.900521039962768555e-01 -1.824628002941608429e-02 9.987729191780090332e-01 4.603986069560050964e-02 -5.900746583938598633e-02 9.042428731918334961e-01 3.613277152180671692e-02 -4.254870712757110596e-01 1.544489145278930664e+00 0.000000000000000000e+00 0.000000000000000000e+00 0.000000000000000000e+00 1.000000000000000000e+00
-4.457553923130035400e-01 3.745007142424583435e-02 -8.943710327148437500e-01 9.793689250946044922e-01 -1.773579604923725128e-02 9.985588192939758301e-01 5.065226927399635315e-02 -6.191501021385192871e-02 8.949791193008422852e-01 3.844090551137924194e-02 -4.444487988948822021e-01 1.580858349800109863e+00 0.000000000000000000e+00 0.000000000000000000e+00 0.000000000000000000e+00 1.000000000000000000e+00
-4.451271593570709229e-01 3.630721569061279297e-02 -8.947309851646423340e-01 9.583520293235778809e-01 -1.790268905460834503e-02 9.986171722412109375e-01 4.942935705184936523e-02 -6.302657723426818848e-02 8.952884078025817871e-01 3.802043944597244263e-02 -4.438616037368774414e-01 1.605726838111877441e+00 0.000000000000000000e+00 0.000000000000000000e+00 0.000000000000000000e+00 1.000000000000000000e+00
-4.635811746120452881e-01 3.458831831812858582e-02 -8.853791356086730957e-01 9.449918270111083984e-01 -1.806553639471530914e-02 9.986611008644104004e-01 4.847285524010658264e-02 -6.440269947052001953e-02 8.858702778816223145e-01 3.846595063805580139e-02 -4.623356461524963379e-01 1.636091351509094238e+00 0.000000000000000000e+00 0.000000000000000000e+00 0.000000000000000000e+00 1.000000000000000000e+00
-4.831643700599670410e-01 3.749992698431015015e-02 -8.747262358665466309e-01 9.319486618041992188e-01 -1.802213676273822784e-02 9.984446167945861816e-01 5.275851488113403320e-02 -6.789840757846832275e-02 8.753441572189331055e-01 4.125546663999557495e-02 -4.817370176315307617e-01 1.668456315994262695e+00 0.000000000000000000e+00 0.000000000000000000e+00 0.000000000000000000e+00 1.000000000000000000e+00
-4.864424169063568115e-01 3.797876462340354919e-02 -8.728867769241333008e-01 9.070833921432495117e-01 -1.781145669519901276e-02 9.984161257743835449e-01 5.336643755435943604e-02 -6.699326634407043457e-02 8.735311031341552734e-01 4.150708392262458801e-02 -4.849954843521118164e-01 1.686176776885986328e+00 0.000000000000000000e+00 0.000000000000000000e+00 0.000000000000000000e+00 1.000000000000000000e+00
-5.203586220741271973e-01 3.691468015313148499e-02 -8.531495928764343262e-01 8.882992267608642578e-01 -1.569955423474311829e-02 9.984828233718872070e-01 5.277863517403602600e-02 -6.843272596597671509e-02 8.538035750389099121e-01 4.085788875818252563e-02 -5.189895629882812500e-01 1.706087946891784668e+00 0.000000000000000000e+00 0.000000000000000000e+00 0.000000000000000000e+00 1.000000000000000000e+00
-6.043348312377929688e-01 3.817394748330116272e-02 -7.958154082298278809e-01 8.703137636184692383e-01 -1.050561014562845230e-02 9.983828663825988770e-01 5.586863309144973755e-02 -7.173155248165130615e-02 7.966611981391906738e-01 4.212389141321182251e-02 -6.029564738273620605e-01 1.735056161880493164e+00 0.000000000000000000e+00 0.000000000000000000e+00 0.000000000000000000e+00 1.000000000000000000e+00
-6.239203214645385742e-01 3.862297907471656799e-02 -7.805330157279968262e-01 8.456678986549377441e-01 -8.343935012817382812e-03 9.983918070793151855e-01 5.607298761606216431e-02 -7.238776981830596924e-02 7.814434766769409180e-01 4.149779304862022400e-02 -6.225946545600891113e-01 1.751263499259948730e+00 0.000000000000000000e+00 0.000000000000000000e+00 0.000000000000000000e+00 1.000000000000000000e+00
-6.310320496559143066e-01 3.531967848539352417e-02 -7.749522924423217773e-01 8.276711702346801758e-01 -8.979237638413906097e-03 9.985635280609130859e-01 5.282277613878250122e-02 -7.260623574256896973e-02 7.757047414779663086e-01 4.029134660959243774e-02 -6.298084259033203125e-01 1.767580389976501465e+00 0.000000000000000000e+00 0.000000000000000000e+00 0.000000000000000000e+00 1.000000000000000000e+00
-6.440541148185729980e-01 3.615942969918251038e-02 -7.641248703002929688e-01 8.138767480850219727e-01 -9.071867913007736206e-03 9.984509944915771484e-01 5.489442124962806702e-02 -7.549206912517547607e-02 7.649261355400085449e-01 4.228701442480087280e-02 -6.427283883094787598e-01 1.792747378349304199e+00 0.000000000000000000e+00 0.000000000000000000e+00 0.000000000000000000e+00 1.000000000000000000e+00
-6.442438960075378418e-01 3.595969453454017639e-02 -7.639742493629455566e-01 8.022500872611999512e-01 -7.310427725315093994e-03 9.985588788986206055e-01 5.316615477204322815e-02 -7.604321092367172241e-02 7.647851705551147461e-01 3.983694687485694885e-02 -6.430525779724121094e-01 1.800448775291442871e+00 0.000000000000000000e+00 0.000000000000000000e+00 0.000000000000000000e+00 1.000000000000000000e+00
