1.000000000000000000e+00 0.000000000000000000e+00 0.000000000000000000e+00 0.000000000000000000e+00 0.000000000000000000e+00 1.000000000000000000e+00 0.000000000000000000e+00 0.000000000000000000e+00 0.000000000000000000e+00 0.000000000000000000e+00 1.000000000000000000e+00 0.000000000000000000e+00 0.000000000000000000e+00 0.000000000000000000e+00 0.000000000000000000e+00 1.000000000000000000e+00
9.919065833091735840e-01 8.006411045789718628e-02 -9.854483604431152344e-02 1.347966343164443970e-01 -8.002145588397979736e-02 9.967834353446960449e-01 4.391595255583524704e-03 -1.083485432900488377e-03 9.857947379350662231e-02 3.529649227857589722e-03 9.951229095458984375e-01 7.764725480228662491e-03 0.000000000000000000e+00 0.000000000000000000e+00 0.000000000000000000e+00 1.000000000000000000e+00
9.763556718826293945e-01 1.367986649274826050e-01 -1.673787981271743774e-01 2.596705257892608643e-01 -1.359210163354873657e-01 9.905781745910644531e-01 1.674353145062923431e-02 -1.845122687518596649e-02 1.680922657251358032e-01 6.402653176337480545e-03 9.857504367828369141e-01 3.809536248445510864e-02 0.000000000000000000e+00 0.000000000000000000e+00 0.000000000000000000e+00 1.000000000000000000e+00
9.483044147491455078e-01 2.029532194137573242e-01 -2.439852654933929443e-01 3.939987123012542725e-01 -2.000447809696197510e-01 9.790911078453063965e-01 3.691362589597702026e-02 -4.467958584427833557e-02 2.463755607604980469e-01 1.380262337625026703e-02 9.690761566162109375e-01 8.605520427227020264e-02 0.000000000000000000e+00 0.000000000000000000e+00 0.000000000000000000e+00 1.000000000000000000e+00
9.080121517181396484e-01 2.703971266746520996e-01 -3.199989199638366699e-01 5.050640702247619629e-01 -2.633401453495025635e-01 9.624415040016174316e-01 6.601704657077789307e-02 -7.710921019315719604e-02 3.258311152458190918e-01 2.432429604232311249e-02 9.451150298118591309e-01 1.466696411371231079e-01 0.000000000000000000e+00 0.000000000000000000e+00 0.000000000000000000e+00 1.000000000000000000e+00
8.511170744895935059e-01 3.441657721996307373e-01 -3.964211344718933105e-01 6.115856170654296875e-01 -3.312115967273712158e-01 9.379006624221801758e-01 1.031566783785820007e-01 -1.295741051435470581e-01 4.073066413402557373e-01 4.350086301565170288e-02 9.122549295425415039e-01 2.171508073806762695e-01 0.000000000000000000e+00 0.000000000000000000e+00 0.000000000000000000e+00 1.000000000000000000e+00
7.795780301094055176e-01 4.173789322376251221e-01 -4.669614434242248535e-01 7.111528515815734863e-01 -3.962923586368560791e-01 9.060735106468200684e-01 1.482674777507781982e-01 -1.892328411340713501e-01 4.849850833415985107e-01 6.946717947721481323e-02 8.717590570449829102e-01 3.016043901443481445e-01 0.000000000000000000e+00 0.000000000000000000e+00 0.000000000000000000e+00 1.000000000000000000e+00
6.918604373931884766e-01 4.889262020587921143e-01 -5.313006639480590820e-01 7.945684790611267090e-01 -4.579047858715057373e-01 8.660513758659362793e-01 2.006942927837371826e-01 -2.497802227735519409e-01 5.582583546638488770e-01 1.044326871633529663e-01 8.230682611465454102e-01 3.881947696208953857e-01 0.000000000000000000e+00 0.000000000000000000e+00 0.000000000000000000e+00 1.000000000000000000e+00
5.860435366630554199e-01 5.569918751716613770e-01 -5.884836912155151367e-01 8.689218163490295410e-01 -5.143841505050659180e-01 8.168986439704895020e-01 2.609322369098663330e-01 -3.277451395988464355e-01 6.260686516761779785e-01 1.497889906167984009e-01 7.652459144592285156e-01 4.885931611061096191e-01 0.000000000000000000e+00 0.000000000000000000e+00 0.000000000000000000e+00 1.000000000000000000e+00
4.601674079895019531e-01 6.185068488121032715e-01 -6.369420289993286133e-01 9.279694557189941406e-01 -5.645010471343994141e-01 7.575539946556091309e-01 3.277965188026428223e-01 -4.125011861324310303e-01 6.852624416351318359e-01 2.087131589651107788e-01 6.977493762969970703e-01 6.007806658744812012e-01 0.000000000000000000e+00 0.000000000000000000e+00 0.000000000000000000e+00 1.000000000000000000e+00
3.187569379806518555e-01 6.674314141273498535e-01 -6.730002164840698242e-01 9.685993790626525879e-01 -6.038316488265991211e-01 6.902990341186523438e-01 3.985908925533294678e-01 -4.986847639083862305e-01 7.306034564971923828e-01 2.793251872062683105e-01 6.230537891387939453e-01 7.131642699241638184e-01 0.000000000000000000e+00 0.000000000000000000e+00 0.000000000000000000e+00 1.000000000000000000e+00
1.665833294391632080e-01 6.993222832679748535e-01 -6.951246261596679688e-01 9.945591092109680176e-01 -6.293283700942993164e-01 6.181188821792602539e-01 4.710359573364257812e-01 -5.902081727981567383e-01 7.590755820274353027e-01 3.589949309825897217e-01 5.430716276168823242e-01 8.303383588790893555e-01 0.000000000000000000e+00 0.000000000000000000e+00 0.000000000000000000e+00 1.000000000000000000e+00
4.043499007821083069e-03 7.112019062042236328e-01 -7.029761672019958496e-01 1.006564021110534668e+00 -6.397032737731933594e-01 5.421639084815979004e-01 5.448284149169921875e-01 -6.923303008079528809e-01 7.686113715171813965e-01 4.474931359291076660e-01 4.571504294872283936e-01 9.555976390838623047e-01 0.000000000000000000e+00 0.000000000000000000e+00 0.000000000000000000e+00 1.000000000000000000e+00
-1.533059626817703247e-01 7.016390562057495117e-01 -6.958447098731994629e-01 9.975854158401489258e-01 -6.335296034812927246e-01 4.706286489963531494e-01 6.141244769096374512e-01 -7.866515517234802246e-01 7.583781480789184570e-01 5.349872708320617676e-01 3.723589479923248291e-01 1.078697323799133301e+00 0.000000000000000000e+00 0.000000000000000000e+00 0.000000000000000000e+00 1.000000000000000000e+00
-3.141235113143920898e-01 6.700596213340759277e-01 -6.725671291351318359e-01 9.748532176017761230e-01 -6.103391647338867188e-01 4.001018404960632324e-01 6.836699843406677246e-01 -8.719309568405151367e-01 7.271949648857116699e-01 6.252508759498596191e-01 2.832821905612945557e-01 1.192461967468261719e+00 0.000000000000000000e+00 0.000000000000000000e+00 0.000000000000000000e+00 1.000000000000000000e+00
-4.552435874938964844e-01 6.216303706169128418e-01 -6.374393701553344727e-01 9.290440678596496582e-01 -5.741946101188659668e-01 3.421896100044250488e-01 7.437787652015686035e-01 -9.687691330909729004e-01 6.804805994033813477e-01 7.046147584915161133e-01 2.011571824550628662e-01 1.314179539680480957e+00 0.000000000000000000e+00 0.000000000000000000e+00 0.000000000000000000e+00 1.000000000000000000e+00
-5.789076685905456543e-01 5.609742403030395508e-01 -5.917549133300781250e-01 8.671766519546508789e-01 -5.274826288223266602e-01 2.957718372344970703e-01 7.964176535606384277e-01 -1.057042479515075684e+00 6.217942833900451660e-01 7.731926441192626953e-01 1.246795654296875000e-01 1.427859306335449219e+00 0.000000000000000000e+00 0.000000000000000000e+00 0.000000000000000000e+00 1.000000000000000000e+00
-6.862471103668212891e-01 4.913874566555023193e-01 -5.362865328788757324e-01 7.950392961502075195e-01 -4.725111424922943115e-01 2.593711018562316895e-01 8.422943353652954102e-01 -1.141257047653198242e+00 5.529901385307312012e-01 8.314234614372253418e-01 5.419337376952171326e-02 1.524929881095886230e+00 0.000000000000000000e+00 0.000000000000000000e+00 0.000000000000000000e+00 1.000000000000000000e+00
-7.751436829566955566e-01 4.177338182926177979e-01 -4.739732742309570312e-01 7.054432630538940430e-01 -4.130049347877502441e-01 2.326777428388595581e-01 8.805044293403625488e-01 -1.213484048843383789e+00 4.780994951725006104e-01 8.782707452774047852e-01 -7.832556962966918945e-03 1.620170831680297852e+00 0.000000000000000000e+00 0.000000000000000000e+00 0.000000000000000000e+00 1.000000000000000000e+00
-8.486568927764892578e-01 3.413802087306976318e-01 -4.040309786796569824e-01 6.065455675125122070e-01 -3.485098779201507568e-01 2.137184590101242065e-01 9.126145839691162109e-01 -1.286981344223022461e+00 3.978974223136901855e-01 9.153054356575012207e-01 -6.239927932620048523e-02 1.705281853675842285e+00 0.000000000000000000e+00 0.000000000000000000e+00 0.000000000000000000e+00 1.000000000000000000e+00
-9.051486253738403320e-01 2.667587101459503174e-01 -3.309770524501800537e-01 4.985766112804412842e-01 -2.831998169422149658e-01 2.022464126348495483e-01 9.374935626983642578e-01 -1.339645266532897949e+00 3.170234858989715576e-01 9.423036575317382812e-01 -1.075170487165451050e-01 1.776304960250854492e+00 0.000000000000000000e+00 0.000000000000000000e+00 0.000000000000000000e+00 1.000000000000000000e+00
-9.467299580574035645e-01 1.952464133501052856e-01 -2.560883462429046631e-01 3.732040822505950928e-01 -2.182304710149765015e-01 1.957980990409851074e-01 9.560536742210388184e-01 -1.388344883918762207e+00 2.368076592683792114e-01 9.610109329223632812e-01 -1.427592039108276367e-01 1.836929559707641602e+00 0.000000000000000000e+00 0.000000000000000000e+00 0.000000000000000000e+00 1.000000000000000000e+00
-9.755381345748901367e-01 1.264726072549819946e-01 -1.798054575920104980e-01 2.477935850620269775e-01 -1.535438001155853271e-01 1.933347433805465698e-01 9.690438508987426758e-01 -1.428766846656799316e+00 1.573201268911361694e-01 9.729472398757934570e-01 -1.691863387823104858e-01 1.889984369277954102e+00 0.000000000000000000e+00 0.000000000000000000e+00 0.000000000000000000e+00 1.000000000000000000e+00
-9.932105541229248047e-01 5.845213308930397034e-02 -1.005793437361717224e-01 1.006846427917480469e-01 -8.757755160331726074e-02 1.933858990669250488e-01 9.772062897682189941e-01 -1.459149241447448730e+00 7.657042145729064941e-02 9.793800711631774902e-01 -1.869538277387619019e-01 1.928222060203552246e+00 0.000000000000000000e+00 0.000000000000000000e+00 0.000000000000000000e+00 1.000000000000000000e+00
-9.997904896736145020e-01 -1.054999418556690216e-02 -1.754147931933403015e-02 -3.413573652505874634e-02 -1.926371082663536072e-02 1.951423138380050659e-01 9.805856943130493164e-01 -1.478342890739440918e+00 -6.922089029103517532e-03 9.807181954383850098e-01 -1.953046619892120361e-01 1.941303730010986328e+00 0.000000000000000000e+00 0.000000000000000000e+00 0.000000000000000000e+00 1.000000000000000000e+00
-9.952661991119384766e-01 -7.538618147373199463e-02 6.133548542857170105e-02 -1.694578379392623901e-01 4.525826498866081238e-02 1.989855915307998657e-01 9.789567589759826660e-01 -1.475870490074157715e+00 -8.600468933582305908e-02 9.770985841751098633e-01 -1.946318000555038452e-01 1.951438665390014648e+00 0.000000000000000000e+00 0.000000000000000000e+00 0.000000000000000000e+00 1.000000000000000000e+00
-9.812100529670715332e-01 -1.374434977769851685e-01 1.354111582040786743e-01 -3.177099823951721191e-01 1.058158501982688904e-01 2.035227268934249878e-01 9.733352065086364746e-01 -1.461150765419006348e+00 -1.613378673791885376e-01 9.693749547004699707e-01 -1.851548254489898682e-01 1.942979931831359863e+00 0.000000000000000000e+00 0.000000000000000000e+00 0.000000000000000000e+00 1.000000000000000000e+00
-9.566755294799804688e-01 -2.013999521732330322e-01 2.102616876363754272e-01 -4.365865886211395264e-01 1.674882173538208008e-01 2.100338637828826904e-01 9.632411599159240723e-01 -1.436803698539733887e+00 -2.381587922573089600e-01 9.567255377769470215e-01 -1.672021448612213135e-01 1.918445229530334473e+00 0.000000000000000000e+00 0.000000000000000000e+00 0.000000000000000000e+00 1.000000000000000000e+00
-9.214206337928771973e-01 -2.658258676528930664e-01 2.834087908267974854e-01 -5.657255053520202637e-01 2.287398278713226318e-01 2.185212820768356323e-01 9.486445784568786621e-01 -1.404831886291503906e+00 -3.141051232814788818e-01 9.389276504516601562e-01 -1.405450552701950073e-01 1.880341529846191406e+00 0.000000000000000000e+00 0.000000000000000000e+00 0.000000000000000000e+00 1.000000000000000000e+00
-8.741114139556884766e-01 -3.320547342300415039e-01 3.544979393482208252e-01 -6.873854398727416992e-01 2.895607054233551025e-01 2.297341674566268921e-01 9.291806817054748535e-01 -1.362549066543579102e+00 -3.899791538715362549e-01 9.148561954498291016e-01 -1.046632453799247742e-01 1.823255658149719238e+00 0.000000000000000000e+00 0.000000000000000000e+00 0.000000000000000000e+00 1.000000000000000000e+00
-8.152956962585449219e-01 -3.972289562225341797e-01 4.213099777698516846e-01 -7.992116212844848633e-01 3.485063910484313965e-01 2.444340586662292480e-01 9.048730731010437012e-01 -1.306059718132019043e+00 -4.624242782592773438e-01 8.845683336257934570e-01 -6.084921956062316895e-02 1.754563093185424805e+00 0.000000000000000000e+00 0.000000000000000000e+00 0.000000000000000000e+00 1.000000000000000000e+00
-7.431629300117492676e-01 -4.620645344257354736e-01 4.839475750923156738e-01 -9.037092328071594238e-01 4.058372676372528076e-01 2.637680768966674805e-01 8.750557303428649902e-01 -1.237216591835021973e+00 -5.319821834564208984e-01 8.467129468917846680e-01 -8.499670773744583130e-03 1.670063734054565430e+00 0.000000000000000000e+00 0.000000000000000000e+00 0.000000000000000000e+00 1.000000000000000000e+00
-6.539636850357055664e-01 -5.266219973564147949e-01 5.431397557258605957e-01 -9.955298900604248047e-01 4.620837569236755371e-01 2.904034554958343506e-01 8.379405736923217773e-01 -1.160528182983398438e+00 -5.990076065063476562e-01 7.989587783813476562e-01 5.343016982078552246e-02 1.580315828323364258e+00 0.000000000000000000e+00 0.000000000000000000e+00 0.000000000000000000e+00 1.000000000000000000e+00
-5.484324693679809570e-01 -5.870917439460754395e-01 5.954368710517883301e-01 -1.079667448997497559e+00 5.142075419425964355e-01 3.247442543506622314e-01 7.938084006309509277e-01 -1.070350766181945801e+00 -6.594031453132629395e-01 7.415284514427185059e-01 1.237867251038551331e-01 1.474295377731323242e+00 0.000000000000000000e+00 0.000000000000000000e+00 0.000000000000000000e+00 1.000000000000000000e+00
-4.291657805442810059e-01 -6.399534344673156738e-01 6.373980641365051270e-01 -1.145209789276123047e+00 5.581213831901550293e-01 3.669504523277282715e-01 7.442095875740051270e-01 -9.795025587081909180e-01 -7.101529836654663086e-01 6.751348376274108887e-01 1.996891349554061890e-01 1.365200281143188477e+00 0.000000000000000000e+00 0.000000000000000000e+00 0.000000000000000000e+00 1.000000000000000000e+00
-2.941761910915374756e-01 -6.825842261314392090e-01 6.689835786819458008e-01 -1.191096186637878418e+00 5.930112004280090332e-01 4.185708761215209961e-01 6.878489255905151367e-01 -8.882580995559692383e-01 -7.495318651199340820e-01 5.990635752677917480e-01 2.816465198993682861e-01 1.252545952796936035e+00 0.000000000000000000e+00 0.000000000000000000e+00 0.000000000000000000e+00 1.000000000000000000e+00
-1.491683274507522583e-01 -7.101370692253112793e-01 6.880800127983093262e-01 -1.225683093070983887e+00 6.158325076103210449e-01 4.777120053768157959e-01 6.265313029289245605e-01 -7.919933199882507324e-01 -7.736272215843200684e-01 5.172007083892822266e-01 3.660660088062286377e-01 1.131350874900817871e+00 0.000000000000000000e+00 0.000000000000000000e+00 0.000000000000000000e+00 1.000000000000000000e+00
5.309180356562137604e-03 -7.202733159065246582e-01 6.936700940132141113e-01 -1.239342331886291504e+00 6.250422000885009766e-01 5.438656210899353027e-01 5.599396228790283203e-01 -6.919742822647094727e-01 -7.805728912353515625e-01 4.306002557277679443e-01 4.530886709690093994e-01 1.010172486305236816e+00 0.000000000000000000e+00 0.000000000000000000e+00 0.000000000000000000e+00 1.000000000000000000e+00
1.593603193759918213e-01 -7.103430628776550293e-01 6.855778694152832031e-01 -1.234397172927856445e+00 6.185061335563659668e-01 6.131038069725036621e-01 4.914812743663787842e-01 -5.919724702835083008e-01 -7.694507241249084473e-01 3.457115292549133301e-01 5.370560288429260254e-01 8.839552998542785645e-01 0.000000000000000000e+00 0.000000000000000000e+00 0.000000000000000000e+00 1.000000000000000000e+00
3.057972490787506104e-01 -6.819393038749694824e-01 6.644146442413330078e-01 -1.215240120887756348e+00 5.976637005805969238e-01 6.807118058204650879e-01 4.235912263393402100e-01 -4.927294850349426270e-01 -7.411383986473083496e-01 2.675634920597076416e-01 6.157301664352416992e-01 7.686530947685241699e-01 0.000000000000000000e+00 0.000000000000000000e+00 0.000000000000000000e+00 1.000000000000000000e+00
4.420022070407867432e-01 -6.370877027511596680e-01 6.314691305160522461e-01 -1.177406311035156250e+00 5.641224980354309082e-01 7.447549104690551758e-01 3.565191626548767090e-01 -3.931476771831512451e-01 -6.974237561225891113e-01 1.986436992883682251e-01 6.885788440704345703e-01 6.531414985656738281e-01 0.000000000000000000e+00 0.000000000000000000e+00 0.000000000000000000e+00 1.000000000000000000e+00
5.686747431755065918e-01 -5.778627991676330566e-01 5.853918790817260742e-01 -1.121705889701843262e+00 5.184183716773986816e-01 8.043209314346313477e-01 2.903622388839721680e-01 -2.934701442718505859e-01 -6.386324763298034668e-01 1.383562535047531128e-01 7.569717168807983398e-01 5.347318649291992188e-01 0.000000000000000000e+00 0.000000000000000000e+00 0.000000000000000000e+00 1.000000000000000000e+00
6.815760731697082520e-01 -5.073016285896301270e-01 5.273510813713073730e-01 -1.054474115371704102e+00 4.624710381031036377e-01 8.571304678916931152e-01 2.268213927745819092e-01 -2.041310817003250122e-01 -5.670755505561828613e-01 8.928857743740081787e-02 8.188118338584899902e-01 4.264892339706420898e-01 0.000000000000000000e+00 0.000000000000000000e+00 0.000000000000000000e+00 1.000000000000000000e+00
7.731115818023681641e-01 -4.333750009536743164e-01 4.631247818470001221e-01 -9.681296944618225098e-01 4.016245305538177490e-01 8.996242880821228027e-01 1.713881194591522217e-01 -1.233514845371246338e-01 -4.909136295318603516e-01 5.350013449788093567e-02 8.695639967918395996e-01 3.281608521938323975e-01 0.000000000000000000e+00 0.000000000000000000e+00 0.000000000000000000e+00 1.000000000000000000e+00
8.457901477813720703e-01 -3.594211041927337646e-01 3.942785561084747314e-01 -8.715716004371643066e-01 3.388758897781372070e-01 9.327148795127868652e-01 1.233127117156982422e-01 -4.910072311758995056e-02 -4.120706617832183838e-01 2.931482344865798950e-02 9.106802344322204590e-01 2.380091547966003418e-01 0.000000000000000000e+00 0.000000000000000000e+00 0.000000000000000000e+00 1.000000000000000000e+00
9.021311998367309570e-01 -2.865670025348663330e-01 3.225502073764801025e-01 -7.712516188621520996e-01 2.744706869125366211e-01 9.579684734344482422e-01 8.343999832868576050e-02 8.942926302552223206e-03 -3.329040706157684326e-01 1.325675100088119507e-02 9.428675174713134766e-01 1.649067997932434082e-01 0.000000000000000000e+00 0.000000000000000000e+00 0.000000000000000000e+00 1.000000000000000000e+00
9.442387819290161133e-01 -2.163035720586776733e-01 2.482456415891647339e-01 -6.571732163429260254e-01 2.100762575864791870e-01 9.763202667236328125e-01 5.164003372192382812e-02 6.247079372406005859e-02 -2.535371482372283936e-01 3.389989491552114487e-03 9.673196673393249512e-01 9.752391278743743896e-02 0.000000000000000000e+00 0.000000000000000000e+00 0.000000000000000000e+00 1.000000000000000000e+00
9.730650186538696289e-01 -1.502980589866638184e-01 1.747998297214508057e-01 -5.187885165214538574e-01 1.476953327655792236e-01 9.886398911476135254e-01 2.788041532039642334e-02 1.142399311065673828e-01 -1.770044416189193726e-01 -1.312336069531738758e-03 9.842091798782348633e-01 4.505670443177223206e-02 0.000000000000000000e+00 0.000000000000000000e+00 0.000000000000000000e+00 1.000000000000000000e+00
9.908272624015808105e-01 -8.843415975570678711e-02 1.021794900298118591e-01 -4.068442881107330322e-01 8.767967671155929565e-02 9.960780739784240723e-01 1.186056062579154968e-02 1.418643742799758911e-01 -1.028276309370994568e-01 -2.792702056467533112e-03 9.946953058242797852e-01 1.980938576161861420e-02 0.000000000000000000e+00 0.000000000000000000e+00 0.000000000000000000e+00 1.000000000000000000e+00
9.993711709976196289e-01 -2.456779591739177704e-02 2.556605637073516846e-02 -2.740252912044525146e-01 2.450350485742092133e-02 9.996957182884216309e-01 2.825004048645496368e-03 1.557753533124923706e-01 -2.562768198549747467e-02 -2.196769928559660912e-03 9.996691346168518066e-01 -4.569423326756805182e-04 0.000000000000000000e+00 0.000000000000000000e+00 0.000000000000000000e+00 1.000000000000000000e+00
9.978233575820922852e-01 3.949985653162002563e-02 -5.280508473515510559e-02 -1.423345357179641724e-01 -3.948120027780532837e-02 9.992192983627319336e-01 1.396763953380286694e-03 1.610532104969024658e-01 5.281903222203254700e-02 6.910843658261001110e-04 9.986038208007812500e-01 -3.391541540622711182e-03 0.000000000000000000e+00 0.000000000000000000e+00 0.000000000000000000e+00 1.000000000000000000e+00
