1.000000000000000000e+00 0.000000000000000000e+00 0.000000000000000000e+00 0.000000000000000000e+00 0.000000000000000000e+00 1.000000000000000000e+00 0.000000000000000000e+00 0.000000000000000000e+00 0.000000000000000000e+00 0.000000000000000000e+00 1.000000000000000000e+00 0.000000000000000000e+00 0.000000000000000000e+00 0.000000000000000000e+00 0.000000000000000000e+00 1.000000000000000000e+00
9.908022284507751465e-01 -4.349730734247714281e-04 -1.353169232606887817e-01 9.041728824377059937e-02 1.551016815938055515e-03 9.999656081199645996e-01 8.142314851284027100e-03 2.739071473479270935e-02 1.353087276220321655e-01 -8.277302607893943787e-03 9.907689094543457031e-01 1.321391481906175613e-02 0.000000000000000000e+00 0.000000000000000000e+00 0.000000000000000000e+00 1.000000000000000000e+00
9.625557661056518555e-01 9.357319213449954987e-04 -2.710819840431213379e-01 1.633805334568023682e-01 3.457553917542099953e-03 9.998703598976135254e-01 1.572844944894313812e-02 3.166887536644935608e-02 2.710615396499633789e-01 -1.607679016888141632e-02 9.624277949333190918e-01 3.250486031174659729e-02 0.000000000000000000e+00 0.000000000000000000e+00 0.000000000000000000e+00 1.000000000000000000e+00
9.165419340133666992e-01 4.993369802832603455e-03 -3.999074399471282959e-01 2.530732750892639160e-01 5.437009967863559723e-03 9.996740818023681641e-01 2.494324557483196259e-02 8.037171512842178345e-02 3.999016582965850830e-01 -2.503583207726478577e-02 9.162160754203796387e-01 5.715810135006904602e-02 0.000000000000000000e+00 0.000000000000000000e+00 0.000000000000000000e+00 1.000000000000000000e+00
8.577774763107299805e-01 1.030675042420625687e-02 -5.139178633689880371e-01 3.171235918998718262e-01 7.594278547912836075e-03 9.994357228279113770e-01 3.271950036287307739e-02 7.315388321876525879e-02 5.139651298522949219e-01 -3.196888044476509094e-02 8.572151660919189453e-01 8.074969053268432617e-02 0.000000000000000000e+00 0.000000000000000000e+00 0.000000000000000000e+00 1.000000000000000000e+00
7.793054580688476562e-01 1.654104702174663544e-02 -6.264258623123168945e-01 3.914487957954406738e-01 1.043293252587318420e-02 9.991704821586608887e-01 3.936262801289558411e-02 7.084786146879196167e-02 6.265573501586914062e-01 -3.721097111701965332e-02 7.784864902496337891e-01 1.224080100655555725e-01 0.000000000000000000e+00 0.000000000000000000e+00 0.000000000000000000e+00 1.000000000000000000e+00
6.869665980339050293e-01 2.469530329108238220e-02 -7.262692451477050781e-01 4.580226242542266846e-01 1.282086037099361420e-02 9.988549947738647461e-01 4.609107598662376404e-02 6.844784319400787354e-02 7.265759110450744629e-01 -4.097442701458930969e-02 6.858634352684020996e-01 1.787604540586471558e-01 0.000000000000000000e+00 0.000000000000000000e+00 0.000000000000000000e+00 1.000000000000000000e+00
5.834881663322448730e-01 3.409281000494956970e-02 -8.114057183265686035e-01 5.105665326118469238e-01 1.466020848602056503e-02 9.985135197639465332e-01 5.249678343534469604e-02 6.672567874193191528e-02 8.119893074035644531e-01 -4.252662509679794312e-02 5.821209549903869629e-01 2.400559484958648682e-01 0.000000000000000000e+00 0.000000000000000000e+00 0.000000000000000000e+00 1.000000000000000000e+00
4.637380838394165039e-01 4.442283883690834045e-02 -8.848579525947570801e-01 5.540081858634948730e-01 1.652610674500465393e-02 9.981346726417541504e-01 5.877074599266052246e-02 6.678565591573715210e-02 8.858182430267333984e-01 -4.187748953700065613e-02 4.621389210224151611e-01 3.082583546638488770e-01 0.000000000000000000e+00 0.000000000000000000e+00 0.000000000000000000e+00 1.000000000000000000e+00
3.353547453880310059e-01 5.482392385601997375e-02 -9.404953718185424805e-01 6.029508709907531738e-01 1.824421808123588562e-02 9.977401494979858398e-01 6.466625630855560303e-02 5.912436172366142273e-02 9.419152140617370605e-01 -3.884473443031311035e-02 3.335966765880584717e-01 3.925507962703704834e-01 0.000000000000000000e+00 0.000000000000000000e+00 0.000000000000000000e+00 1.000000000000000000e+00
1.955548077821731567e-01 6.470651179552078247e-02 -9.785557985305786133e-01 6.198711991310119629e-01 1.892216876149177551e-02 9.973862171173095703e-01 6.973307579755783081e-02 6.529549509286880493e-02 9.805101752281188965e-01 -3.215303644537925720e-02 1.938192844390869141e-01 4.724867939949035645e-01 0.000000000000000000e+00 0.000000000000000000e+00 0.000000000000000000e+00 1.000000000000000000e+00
5.011919513344764709e-02 7.378374040126800537e-02 -9.960140585899353027e-01 6.357232332229614258e-01 1.871737278997898102e-02 9.970228672027587891e-01 7.480033487081527710e-02 6.953380256891250610e-02 9.985678791999816895e-01 -2.239170111715793610e-02 4.858894646167755127e-02 5.447332859039306641e-01 0.000000000000000000e+00 0.000000000000000000e+00 0.000000000000000000e+00 1.000000000000000000e+00
-1.032904833555221558e-01 8.129077404737472534e-02 -9.913237690925598145e-01 6.344476938247680664e-01 1.812411285936832428e-02 9.966430664062500000e-01 7.983852922916412354e-02 7.803428173065185547e-02 9.944860935211181641e-01 -9.720303118228912354e-03 -1.044170632958412170e-01 6.298123002052307129e-01 0.000000000000000000e+00 0.000000000000000000e+00 0.000000000000000000e+00 1.000000000000000000e+00
-2.549272775650024414e-01 8.691972494125366211e-02 -9.630457162857055664e-01 6.213689446449279785e-01 1.682923920452594757e-02 9.961996674537658691e-01 8.545717597007751465e-02 8.136936277151107788e-02 9.668138027191162109e-01 5.578038748353719711e-03 -2.554212808609008789e-01 7.016851902008056641e-01 0.000000000000000000e+00 0.000000000000000000e+00 0.000000000000000000e+00 1.000000000000000000e+00
-4.050374031066894531e-01 8.916393667459487915e-02 -9.099420309066772461e-01 5.962494611740112305e-01 1.469972357153892517e-02 9.957398772239685059e-01 9.102793782949447632e-02 8.037139475345611572e-02 9.141818881034851074e-01 2.349382266402244568e-02 -4.046225845813751221e-01 7.837772369384765625e-01 0.000000000000000000e+00 0.000000000000000000e+00 0.000000000000000000e+00 1.000000000000000000e+00
-5.392099618911743164e-01 8.839603513479232788e-02 -8.375194072723388672e-01 5.604926943778991699e-01 1.265665236860513687e-02 9.952145218849182129e-01 9.689139574766159058e-02 8.147200196981430054e-02 8.420763015747070312e-01 4.164461418986320496e-02 -5.377483963966369629e-01 8.550935387611389160e-01 0.000000000000000000e+00 0.000000000000000000e+00 0.000000000000000000e+00 1.000000000000000000e+00
-6.538147330284118652e-01 8.524603396654129028e-02 -7.518374323844909668e-01 4.906281232833862305e-01 1.131515111774206161e-02 9.946237802505493164e-01 1.029341220855712891e-01 -8.626128733158111572e-02 7.565701007843017578e-01 5.879268795251846313e-02 -6.512642502784729004e-01 9.222838282585144043e-01 0.000000000000000000e+00 0.000000000000000000e+00 0.000000000000000000e+00 1.000000000000000000e+00
-7.505694031715393066e-01 7.963663339614868164e-02 -6.559752821922302246e-01 4.277155399322509766e-01 9.087996557354927063e-03 9.938614368438720703e-01 1.102581396698951721e-01 2.249048836529254913e-02 6.607290506362915039e-01 7.679488509893417358e-02 -7.466858029365539551e-01 9.970977306365966797e-01 0.000000000000000000e+00 0.000000000000000000e+00 0.000000000000000000e+00 1.000000000000000000e+00
-8.357217907905578613e-01 7.100454717874526978e-02 -5.445433855056762695e-01 3.407196998596191406e-01 6.498557981103658676e-03 9.928150773048400879e-01 1.194824725389480591e-01 1.044728308916091919e-01 5.491147041320800781e-01 9.631535410881042480e-02 -8.301785588264465332e-01 1.038945198059082031e+00 0.000000000000000000e+00 0.000000000000000000e+00 0.000000000000000000e+00 1.000000000000000000e+00
-9.081193208694458008e-01 5.674405768513679504e-02 -4.148487448692321777e-01 2.721693515777587891e-01 4.091461654752492905e-03 9.919298291206359863e-01 1.267223060131072998e-01 9.828726947307586670e-02 4.186915755271911621e-01 1.133816242218017578e-01 -9.010227322578430176e-01 1.072494387626647949e+00 0.000000000000000000e+00 0.000000000000000000e+00 0.000000000000000000e+00 1.000000000000000000e+00
-9.572849273681640625e-01 3.975146636366844177e-02 -2.864006161689758301e-01 1.962121129035949707e-01 1.070702448487281799e-03 9.909852147102355957e-01 1.339667141437530518e-01 9.335329383611679077e-02 2.891441583633422852e-01 1.279376745223999023e-01 -9.486978054046630859e-01 1.109683156013488770e+00 0.000000000000000000e+00 0.000000000000000000e+00 0.000000000000000000e+00 1.000000000000000000e+00
-9.883943796157836914e-01 1.972078531980514526e-02 -1.506244242191314697e-01 1.000816598534584045e-01 -1.788242254406213760e-03 9.899585247039794922e-01 1.413466036319732666e-01 9.706775099039077759e-02 1.518993973731994629e-01 1.399755328893661499e-01 -9.784342050552368164e-01 1.146861195564270020e+00 0.000000000000000000e+00 0.000000000000000000e+00 0.000000000000000000e+00 1.000000000000000000e+00
-9.999277591705322266e-01 -3.630126826465129852e-03 -1.146202441304922104e-02 1.183109357953071594e-02 -5.312432069331407547e-03 9.886196851730346680e-01 1.503428518772125244e-01 8.355043083429336548e-02 1.078581996262073517e-02 1.503928750753402710e-01 -9.885674715042114258e-01 1.160279512405395508e+00 0.000000000000000000e+00 0.000000000000000000e+00 0.000000000000000000e+00 1.000000000000000000e+00
-9.924817085266113281e-01 -2.759310975670814514e-02 1.192418038845062256e-01 -8.115068823099136353e-02 -8.392514660954475403e-03 9.873049855232238770e-01 1.586138159036636353e-01 7.700563967227935791e-02 -1.221046820282936096e-01 1.564205735921859741e-01 -9.801138043403625488e-01 1.165679454803466797e+00 0.000000000000000000e+00 0.000000000000000000e+00 0.000000000000000000e+00 1.000000000000000000e+00
-9.650471210479736328e-01 -5.500593781471252441e-02 2.562388181686401367e-01 -1.643289774656295776e-01 -1.194986142218112946e-02 9.859446883201599121e-01 1.666439026594161987e-01 5.607587099075317383e-02 -2.618037164211273193e-01 1.577572077512741089e-01 -9.521405100822448730e-01 1.159407973289489746e+00 0.000000000000000000e+00 0.000000000000000000e+00 0.000000000000000000e+00 1.000000000000000000e+00
-9.161722064018249512e-01 -8.448775112628936768e-02 3.917784094810485840e-01 -2.453172802925109863e-01 -1.565920747816562653e-02 9.843276143074035645e-01 1.756531000137329102e-01 3.204906359314918518e-02 -4.004788398742675781e-01 1.547935605049133301e-01 -9.031366109848022461e-01 1.143645286560058594e+00 0.000000000000000000e+00 0.000000000000000000e+00 0.000000000000000000e+00 1.000000000000000000e+00
-8.522719144821166992e-01 -1.127538681030273438e-01 5.108024477958679199e-01 -3.308457136154174805e-01 -1.890488341450691223e-02 9.824941158294677734e-01 1.853317320346832275e-01 1.979271136224269867e-02 -5.227572917938232422e-01 1.482963860034942627e-01 -8.394837975502014160e-01 1.109230160713195801e+00 0.000000000000000000e+00 0.000000000000000000e+00 0.000000000000000000e+00 1.000000000000000000e+00
-7.675756812095642090e-01 -1.418596953153610229e-01 6.250627040863037109e-01 -4.078181982040405273e-01 -2.192205935716629028e-02 9.804400801658630371e-01 1.955932974815368652e-01 1.181721780449151993e-02 -6.405833363533020020e-01 1.364299952983856201e-01 -7.556717991828918457e-01 1.069000363349914551e+00 0.000000000000000000e+00 0.000000000000000000e+00 0.000000000000000000e+00 1.000000000000000000e+00
-6.698359847068786621e-01 -1.686269640922546387e-01 7.231076359748840332e-01 -4.778623878955841064e-01 -2.452782914042472839e-02 9.783641099929809570e-01 2.054313272237777710e-01 -3.328639082610607147e-03 -7.421038150787353516e-01 1.198690384626388550e-01 -6.594796180725097656e-01 1.021803498268127441e+00 0.000000000000000000e+00 0.000000000000000000e+00 0.000000000000000000e+00 1.000000000000000000e+00
-5.593679547309875488e-01 -1.935404837131500244e-01 8.060084581375122070e-01 -5.410465002059936523e-01 -2.681350894272327423e-02 9.760762453079223633e-01 2.157690078020095825e-01 -1.418198458850383759e-02 -8.284856677055358887e-01 9.908235818147659302e-02 -5.511752963066101074e-01 9.604060053825378418e-01 0.000000000000000000e+00 0.000000000000000000e+00 0.000000000000000000e+00 1.000000000000000000e+00
-4.329804480075836182e-01 -2.160003185272216797e-01 8.751410245895385742e-01 -5.890198945999145508e-01 -2.872916311025619507e-02 9.736787080764770508e-01 2.261072546243667603e-01 -1.813844032585620880e-02 -9.009453654289245605e-01 7.275795191526412964e-02 -4.277893304824829102e-01 9.010911583900451660e-01 0.000000000000000000e+00 0.000000000000000000e+00 0.000000000000000000e+00 1.000000000000000000e+00
-2.974608838558197021e-01 -2.348808646202087402e-01 9.253907203674316406e-01 -6.394233703613281250e-01 -3.002155572175979614e-02 9.710873365402221680e-01 2.368292510509490967e-01 -2.350748144090175629e-02 -9.542618393898010254e-01 4.266577214002609253e-02 -2.959119677543640137e-01 8.216486573219299316e-01 0.000000000000000000e+00 0.000000000000000000e+00 0.000000000000000000e+00 1.000000000000000000e+00
-1.487191766500473022e-01 -2.506833076477050781e-01 9.565774798393249512e-01 -6.721338629722595215e-01 -3.097372688353061676e-02 9.680410027503967285e-01 2.488719820976257324e-01 -2.855461090803146362e-02 -9.883942604064941406e-01 7.383266463875770569e-03 -1.517308503389358521e-01 7.432199716567993164e-01 0.000000000000000000e+00 0.000000000000000000e+00 0.000000000000000000e+00 1.000000000000000000e+00
-2.286256058141589165e-03 -2.598810791969299316e-01 9.656379222869873047e-01 -6.874320507049560547e-01 -3.124409541487693787e-02 9.651876091957092285e-01 2.596859037876129150e-01 -3.487971797585487366e-02 -9.995091557502746582e-01 -2.957677654922008514e-02 -1.032641530036926270e-02 6.707114577293395996e-01 0.000000000000000000e+00 0.000000000000000000e+00 0.000000000000000000e+00 1.000000000000000000e+00
1.482440829277038574e-01 -2.643196582794189453e-01 9.529736638069152832e-01 -6.909275650978088379e-01 -3.063395060598850250e-02 9.619311094284057617e-01 2.715695500373840332e-01 -4.479760304093360901e-02 -9.884762167930603027e-01 -6.945192813873291016e-02 1.345034390687942505e-01 5.818775296211242676e-01 0.000000000000000000e+00 0.000000000000000000e+00 0.000000000000000000e+00 1.000000000000000000e+00
2.854258120059967041e-01 -2.627406716346740723e-01 9.216829538345336914e-01 -6.855672597885131836e-01 -2.992687188088893890e-02 9.587761163711547852e-01 2.825824022293090820e-01 -5.233748257160186768e-02 -9.579334855079650879e-01 -1.082393974065780640e-01 2.657964527606964111e-01 5.042810440063476562e-01 0.000000000000000000e+00 0.000000000000000000e+00 0.000000000000000000e+00 1.000000000000000000e+00
4.148516356945037842e-01 -2.552081346511840820e-01 8.733653426170349121e-01 -6.701330542564392090e-01 -2.856288664042949677e-02 9.557332992553710938e-01 2.928445637226104736e-01 -5.813866108655929565e-02 -9.094406962394714355e-01 -1.464328616857528687e-01 3.891980350017547607e-01 4.307072758674621582e-01 0.000000000000000000e+00 0.000000000000000000e+00 0.000000000000000000e+00 1.000000000000000000e+00
5.354456305503845215e-01 -2.420310378074645996e-01 8.091471195220947266e-01 -6.380953192710876465e-01 -2.691259607672691345e-02 9.526822566986083984e-01 3.027742505073547363e-01 -6.763382256031036377e-02 -8.441408276557922363e-01 -1.838953942060470581e-01 5.035958290100097656e-01 3.442820012569427490e-01 0.000000000000000000e+00 0.000000000000000000e+00 0.000000000000000000e+00 1.000000000000000000e+00
6.414718627929687500e-01 -2.252417355775833130e-01 7.333348393440246582e-01 -5.954782366752624512e-01 -2.478943578898906708e-02 9.493400454521179199e-01 3.132712841033935547e-01 -7.409124076366424561e-02 -7.667459249496459961e-01 -2.191336601972579956e-01 6.033913493156433105e-01 2.760116457939147949e-01 0.000000000000000000e+00 0.000000000000000000e+00 0.000000000000000000e+00 1.000000000000000000e+00
7.318592071533203125e-01 -2.042933404445648193e-01 6.501126289367675781e-01 -5.446258783340454102e-01 -2.250194922089576721e-02 9.462403655052185059e-01 3.226808309555053711e-01 -8.286204189062118530e-02 -6.810843348503112793e-01 -2.507857084274291992e-01 6.879176497459411621e-01 2.116364389657974243e-01 0.000000000000000000e+00 0.000000000000000000e+00 0.000000000000000000e+00 1.000000000000000000e+00
8.142901062965393066e-01 -1.765716820955276489e-01 5.529502630233764648e-01 -4.964194595813751221e-01 -2.009653858840465546e-02 9.434632062911987305e-01 3.308675587177276611e-01 -8.592433482408523560e-02 -5.801100730895996094e-01 -2.805345654487609863e-01 7.647043466567993164e-01 1.603841632604598999e-01 0.000000000000000000e+00 0.000000000000000000e+00 0.000000000000000000e+00 1.000000000000000000e+00
8.844420909881591797e-01 -1.441926807165145874e-01 4.438137710094451904e-01 -4.262521266937255859e-01 -1.792840287089347839e-02 9.398618340492248535e-01 3.410841226577758789e-01 -9.646428376436233521e-02 -4.663054347038269043e-01 -3.096260130405426025e-01 8.286681771278381348e-01 1.081230714917182922e-01 0.000000000000000000e+00 0.000000000000000000e+00 0.000000000000000000e+00 1.000000000000000000e+00
9.377852082252502441e-01 -1.079769283533096313e-01 3.299998044967651367e-01 -3.543101847171783447e-01 -1.508647110313177109e-02 9.368478059768676758e-01 3.494117856025695801e-01 -1.044347956776618958e-01 -3.468880057334899902e-01 -3.326517343521118164e-01 8.769330382347106934e-01 7.048185914754867554e-02 0.000000000000000000e+00 0.000000000000000000e+00 0.000000000000000000e+00 1.000000000000000000e+00
9.761811494827270508e-01 -6.625885516405105591e-02 2.065916657447814941e-01 -2.645347714424133301e-01 -1.225601136684417725e-02 9.338620305061340332e-01 3.574235141277313232e-01 -1.133117899298667908e-01 -2.166105806827545166e-01 -3.514420986175537109e-01 9.108064174652099609e-01 2.672414667904376984e-02 0.000000000000000000e+00 0.000000000000000000e+00 0.000000000000000000e+00 1.000000000000000000e+00
9.967944622039794922e-01 -2.022332884371280670e-02 7.740727812051773071e-02 -1.807745397090911865e-01 -9.393574669957160950e-03 9.312496185302734375e-01 3.642607331275939941e-01 -1.161713451147079468e-01 -7.945206016302108765e-02 -3.638201951980590820e-01 9.280744791030883789e-01 1.544046495109796524e-02 0.000000000000000000e+00 0.000000000000000000e+00 0.000000000000000000e+00 1.000000000000000000e+00
9.983325004577636719e-01 2.748887427151203156e-02 -5.075990408658981323e-02 -9.569897502660751343e-02 -6.637110840529203415e-03 9.281656146049499512e-01 3.721083402633666992e-01 -1.258846521377563477e-01 5.734243243932723999e-02 -3.711509704589843750e-01 9.268003106117248535e-01 -5.513773430720902979e-05 0.000000000000000000e+00 0.000000000000000000e+00 0.000000000000000000e+00 1.000000000000000000e+00
9.815052747726440430e-01 7.571161538362503052e-02 -1.758268326520919800e-01 -8.082920685410499573e-03 -3.640293143689632416e-03 9.256834387779235840e-01 3.782814145088195801e-01 -1.228148639202117920e-01 1.914002895355224609e-01 -3.706451654434204102e-01 9.088388681411743164e-01 5.394406034611165524e-04 0.000000000000000000e+00 0.000000000000000000e+00 0.000000000000000000e+00 1.000000000000000000e+00
9.458892345428466797e-01 1.261527389287948608e-01 -2.989633679389953613e-01 8.152521401643753052e-02 -1.040656352415680885e-03 9.225082993507385254e-01 3.859757483005523682e-01 -1.273719668388366699e-01 3.244881033897399902e-01 -3.647791743278503418e-01 8.727219700813293457e-01 1.373022422194480896e-02 0.000000000000000000e+00 0.000000000000000000e+00 0.000000000000000000e+00 1.000000000000000000e+00
8.918597698211669922e-01 1.755410134792327881e-01 -4.168590009212493896e-01 1.678702980279922485e-01 1.864698831923305988e-03 9.201836585998535156e-01 3.914825022220611572e-01 -1.338993608951568604e-01 4.523080587387084961e-01 -3.499248623847961426e-01 8.203474879264831543e-01 3.766886517405509949e-02 0.000000000000000000e+00 0.000000000000000000e+00 0.000000000000000000e+00 1.000000000000000000e+00
8.235232830047607422e-01 2.218038439750671387e-01 -5.221230387687683105e-01 2.508385181427001953e-01 4.583592060953378677e-03 9.177616834640502930e-01 3.971052169799804688e-01 -1.474394649267196655e-01 5.672639608383178711e-01 -3.294185698032379150e-01 7.547814249992370605e-01 6.937102973461151123e-02 0.000000000000000000e+00 0.000000000000000000e+00 0.000000000000000000e+00 1.000000000000000000e+00
7.346639633178710938e-01 2.668081223964691162e-01 -6.237645745277404785e-01 3.221266567707061768e-01 7.497218437492847443e-03 9.161731004714965820e-01 4.007126390933990479e-01 -1.482168138027191162e-01 6.783897876739501953e-01 -2.990656495094299316e-01 6.710790395736694336e-01 1.095831021666526794e-01 0.000000000000000000e+00 0.000000000000000000e+00 0.000000000000000000e+00 1.000000000000000000e+00
6.348844170570373535e-01 3.085629642009735107e-01 -7.083153724670410156e-01 3.845793008804321289e-01 9.451679885387420654e-03 9.136154651641845703e-01 4.064695239067077637e-01 -1.496865153312683105e-01 7.725493311882019043e-01 -2.647559344768524170e-01 5.771237611770629883e-01 1.656345129013061523e-01 0.000000000000000000e+00 0.000000000000000000e+00 0.000000000000000000e+00 1.000000000000000000e+00
5.228256583213806152e-01 3.448084294795989990e-01 -7.795900106430053711e-01 4.283049106597900391e-01 1.082959398627281189e-02 9.117792248725891113e-01 4.105378091335296631e-01 -1.566634923219680786e-01 8.523708581924438477e-01 -2.230823189020156860e-01 4.729674160480499268e-01 2.267935276031494141e-01 0.000000000000000000e+00 0.000000000000000000e+00 0.000000000000000000e+00 1.000000000000000000e+00
3.976341187953948975e-01 3.758870959281921387e-01 -8.370161652565002441e-01 4.747556746006011963e-01 1.135947275906801224e-02 9.101486802101135254e-01 4.141259193420410156e-01 -1.588807553052902222e-01 9.174737334251403809e-01 -1.741786599159240723e-01 3.576363027095794678e-01 2.951078414916992188e-01 0.000000000000000000e+00 0.000000000000000000e+00 0.000000000000000000e+00 1.000000000000000000e+00
2.609086632728576660e-01 4.010179936885833740e-01 -8.781293630599975586e-01 5.132202506065368652e-01 1.167857833206653595e-02 9.082583189010620117e-01 4.182469546794891357e-01 -1.571412682533264160e-01 9.652928113937377930e-01 -1.193795576691627502e-01 2.322891205549240112e-01 3.714388906955718994e-01 0.000000000000000000e+00 0.000000000000000000e+00 0.000000000000000000e+00 1.000000000000000000e+00
1.155087575316429138e-01 4.185644090175628662e-01 -9.008116126060485840e-01 5.325182080268859863e-01 1.164400763809680939e-02 9.062489867210388184e-01 4.225839674472808838e-01 -1.557383388280868530e-01 9.932382106781005859e-01 -5.930120870471000671e-02 9.980593621730804443e-02 4.375244081020355225e-01 0.000000000000000000e+00 0.000000000000000000e+00 0.000000000000000000e+00 1.000000000000000000e+00
-3.259297832846641541e-02 4.260497987270355225e-01 -9.041124582290649414e-01 5.470126867294311523e-01 1.167504210025072098e-02 9.046936035156250000e-01 4.259027838706970215e-01 -1.496541649103164673e-01 9.994005560874938965e-01 3.325890051200985909e-03 -3.446080908179283142e-02 5.130183100700378418e-01 0.000000000000000000e+00 0.000000000000000000e+00 0.000000000000000000e+00 1.000000000000000000e+00
-1.852078735828399658e-01 4.238784909248352051e-01 -8.865805864334106445e-01 5.449830889701843262e-01 1.082951389253139496e-02 9.030145406723022461e-01 4.294734001159667969e-01 -1.357211470603942871e-01 9.826397299766540527e-01 6.994061172008514404e-02 -1.718358099460601807e-01 5.948917269706726074e-01 0.000000000000000000e+00 0.000000000000000000e+00 0.000000000000000000e+00 1.000000000000000000e+00
-3.308252394199371338e-01 4.120746254920959473e-01 -8.489694595336914062e-01 5.329886078834533691e-01 9.832015261054039001e-03 9.010818004608154297e-01 4.335376918315887451e-01 -1.224227175116539001e-01 9.436408281326293945e-01 1.350781321525573730e-01 -3.021521270275115967e-01 6.721118092536926270e-01 0.000000000000000000e+00 0.000000000000000000e+00 0.000000000000000000e+00 1.000000000000000000e+00
-4.750935733318328857e-01 3.884032666683197021e-01 -7.895752191543579102e-01 5.009775161743164062e-01 8.051826618611812592e-03 8.991918563842773438e-01 4.374804198741912842e-01 -1.154188141226768494e-01 8.798984885215759277e-01 2.014865875244140625e-01 -4.303276240825653076e-01 7.506517767906188965e-01 0.000000000000000000e+00 0.000000000000000000e+00 0.000000000000000000e+00 1.000000000000000000e+00
-6.025716066360473633e-01 3.557347059249877930e-01 -7.143950462341308594e-01 4.641704261302947998e-01 5.865345243364572525e-03 8.971090316772460938e-01 4.417703151702880859e-01 -1.023549363017082214e-01 7.980433106422424316e-01 2.620080709457397461e-01 -5.426589250564575195e-01 8.191705942153930664e-01 0.000000000000000000e+00 0.000000000000000000e+00 0.000000000000000000e+00 1.000000000000000000e+00
-7.134557962417602539e-01 3.151500821113586426e-01 -6.258284449577331543e-01 4.078864157199859619e-01 3.849610220640897751e-03 8.948966860771179199e-01 4.462568461894989014e-01 -9.650610387325286865e-02 7.006896734237670898e-01 3.159753382205963135e-01 -6.396824121475219727e-01 8.873913288116455078e-01 0.000000000000000000e+00 0.000000000000000000e+00 0.000000000000000000e+00 1.000000000000000000e+00
-8.053788542747497559e-01 2.677874863147735596e-01 -5.288239121437072754e-01 3.519646823406219482e-01 1.497761579230427742e-03 8.930542469024658203e-01 4.499464929103851318e-01 -1.070827245712280273e-01 5.927584767341613770e-01 3.615853488445281982e-01 -7.196481227874755859e-01 9.577810764312744141e-01 0.000000000000000000e+00 0.000000000000000000e+00 0.000000000000000000e+00 1.000000000000000000e+00
-8.811224102973937988e-01 2.141109704971313477e-01 -4.216393232345581055e-01 2.810959219932556152e-01 -1.686555333435535431e-03 8.901973366737365723e-01 4.555720388889312744e-01 -1.193429306149482727e-01 4.728851616382598877e-01 4.021258652210235596e-01 -7.840117812156677246e-01 1.007114887237548828e+00 0.000000000000000000e+00 0.000000000000000000e+00 0.000000000000000000e+00 1.000000000000000000e+00
-9.393265247344970703e-01 1.535583436489105225e-01 -3.067337274551391602e-01 2.030447870492935181e-01 -5.048851948231458664e-03 8.879177570343017578e-01 4.599745571613311768e-01 -1.320560574531555176e-01 3.429872691631317139e-01 4.336149394512176514e-01 -8.332693576812744141e-01 1.057299613952636719e+00 0.000000000000000000e+00 0.000000000000000000e+00 0.000000000000000000e+00 1.000000000000000000e+00
-9.768515825271606445e-01 9.267950057983398438e-02 -1.927992701530456543e-01 1.274374723434448242e-01 -7.772703655064105988e-03 8.853024244308471680e-01 4.649507701396942139e-01 -1.439227610826492310e-01 2.137770652770996094e-01 4.556864500045776367e-01 -8.640886545181274414e-01 1.093380928039550781e+00 0.000000000000000000e+00 0.000000000000000000e+00 0.000000000000000000e+00 1.000000000000000000e+00
-9.973577260971069336e-01 2.381481975317001343e-02 -6.863314658403396606e-02 4.120789095759391785e-02 -1.128586009144783020e-02 8.824810385704040527e-01 4.702125489711761475e-01 -1.550492495298385620e-01 7.176547497510910034e-02 4.697446823120117188e-01 -8.798804879188537598e-01 1.121845364570617676e+00 0.000000000000000000e+00 0.000000000000000000e+00 0.000000000000000000e+00 1.000000000000000000e+00
-9.972136616706848145e-01 -4.767581075429916382e-02 5.737478658556938171e-02 -4.808375239372253418e-02 -1.452968362718820572e-02 8.785240650177001953e-01 4.774771630764007568e-01 -1.649489104747772217e-01 -7.316923886537551880e-02 4.753131270408630371e-01 -8.767689466476440430e-01 1.141292095184326172e+00 0.000000000000000000e+00 0.000000000000000000e+00 0.000000000000000000e+00 1.000000000000000000e+00
-9.771718978881835938e-01 -1.178354695439338684e-01 1.767761558294296265e-01 -1.434451788663864136e-01 -1.801620796322822571e-02 8.750479817390441895e-01 4.837006926536560059e-01 -1.778074651956558228e-01 -2.116847336292266846e-01 4.694739282131195068e-01 -8.571953177452087402e-01 1.153688549995422363e+00 0.000000000000000000e+00 0.000000000000000000e+00 0.000000000000000000e+00 1.000000000000000000e+00
-9.347488284111022949e-01 -1.912897676229476929e-01 2.994208931922912598e-01 -2.259123772382736206e-01 -2.177425660192966461e-02 8.719614148139953613e-01 4.890901744365692139e-01 -1.888990253210067749e-01 -3.546414077281951904e-01 4.506567716598510742e-01 -8.192300796508789062e-01 1.145248293876647949e+00 0.000000000000000000e+00 0.000000000000000000e+00 0.000000000000000000e+00 1.000000000000000000e+00
-8.729202747344970703e-01 -2.611546516418457031e-01 4.120781719684600830e-01 -3.170747756958007812e-01 -2.516915835440158844e-02 8.676421642303466797e-01 4.965516924858093262e-01 -2.094354033470153809e-01 -4.872131943702697754e-01 4.230783879756927490e-01 -7.639555335044860840e-01 1.123724341392517090e+00 0.000000000000000000e+00 0.000000000000000000e+00 0.000000000000000000e+00 1.000000000000000000e+00
-7.987822890281677246e-01 -3.223886787891387939e-01 5.079492330551147461e-01 -4.068934321403503418e-01 -2.776321396231651306e-02 8.631556630134582520e-01 5.041741132736206055e-01 -2.212513834238052368e-01 -6.009792685508728027e-01 3.886230289936065674e-01 -6.984239816665649414e-01 1.091209650039672852e+00 0.000000000000000000e+00 0.000000000000000000e+00 0.000000000000000000e+00 1.000000000000000000e+00
-7.023596167564392090e-01 -3.828415572643280029e-01 6.001027226448059082e-01 -4.940270483493804932e-01 -2.993440628051757812e-02 8.581912517547607422e-01 5.124565362930297852e-01 -2.290573716163635254e-01 -7.111926078796386719e-01 3.419650495052337646e-01 -6.142190098762512207e-01 1.046021699905395508e+00 0.000000000000000000e+00 0.000000000000000000e+00 0.000000000000000000e+00 1.000000000000000000e+00
-5.878975987434387207e-01 -4.362266957759857178e-01 6.812361478805541992e-01 -5.663050413131713867e-01 -3.171145915985107422e-02 8.539198637008666992e-01 5.194374322891235352e-01 -2.307061105966567993e-01 -8.083135485649108887e-01 2.837730050086975098e-01 -5.158508419990539551e-01 9.985107779502868652e-01 0.000000000000000000e+00 0.000000000000000000e+00 0.000000000000000000e+00 1.000000000000000000e+00
-4.615532159805297852e-01 -4.812694489955902100e-01 7.452169656753540039e-01 -6.338326334953308105e-01 -3.321687132120132446e-02 8.488346338272094727e-01 5.276138782501220703e-01 -2.395111322402954102e-01 -8.864904642105102539e-01 2.187681198120117188e-01 -4.077686369419097900e-01 9.410042762756347656e-01 0.000000000000000000e+00 0.000000000000000000e+00 0.000000000000000000e+00 1.000000000000000000e+00
-3.210154771804809570e-01 -5.164262056350708008e-01 7.938847541809082031e-01 -7.050445675849914551e-01 -3.443457931280136108e-02 8.440602421760559082e-01 5.351416468620300293e-01 -2.413085997104644775e-01 -9.464477300643920898e-01 1.444516628980636597e-01 -2.887393236160278320e-01 8.731937408447265625e-01 0.000000000000000000e+00 0.000000000000000000e+00 0.000000000000000000e+00 1.000000000000000000e+00
-1.758864521980285645e-01 -5.400340557098388672e-01 8.230596780776977539e-01 -7.372084856033325195e-01 -3.501850366592407227e-02 8.389972448348999023e-01 5.430077314376831055e-01 -2.484850138425827026e-01 -9.837874174118041992e-01 6.668537855148315430e-02 -1.664794087409973145e-01 8.084527850151062012e-01 0.000000000000000000e+00 0.000000000000000000e+00 0.000000000000000000e+00 1.000000000000000000e+00
-2.089688554406166077e-02 -5.522059798240661621e-01 8.334457874298095703e-01 -7.720468640327453613e-01 -3.491676226258277893e-02 8.335223793983459473e-01 5.513812303543090820e-01 -2.565925121307373047e-01 -9.991717338562011719e-01 -1.757907494902610779e-02 -3.669926151633262634e-02 7.318144440650939941e-01 0.000000000000000000e+00 0.000000000000000000e+00 0.000000000000000000e+00 1.000000000000000000e+00
1.262711137533187866e-01 -5.510624647140502930e-01 8.248549699783325195e-01 -7.991102933883666992e-01 -3.423931449651718140e-02 8.285940289497375488e-01 5.588018298149108887e-01 -2.703707516193389893e-01 -9.914047122001647949e-01 -9.880299866199493408e-02 8.575949072837829590e-02 6.507639884948730469e-01 0.000000000000000000e+00 0.000000000000000000e+00 0.000000000000000000e+00 1.000000000000000000e+00
2.694262266159057617e-01 -5.385197997093200684e-01 7.983770966529846191e-01 -8.104072809219360352e-01 -3.297664597630500793e-02 8.233885765075683594e-01 5.665189623832702637e-01 -2.748618125915527344e-01 -9.624562263488769531e-01 -1.789628714323043823e-01 2.040839046239852905e-01 5.829907655715942383e-01 0.000000000000000000e+00 0.000000000000000000e+00 0.000000000000000000e+00 1.000000000000000000e+00
3.969699144363403320e-01 -5.167672634124755859e-01 7.585291266441345215e-01 -8.097841143608093262e-01 -3.118024952709674835e-02 8.183661103248596191e-01 5.738507509231567383e-01 -2.776586115360260010e-01 -9.173018932342529297e-01 -2.514525949954986572e-01 3.087538182735443115e-01 5.074034929275512695e-01 0.000000000000000000e+00 0.000000000000000000e+00 0.000000000000000000e+00 1.000000000000000000e+00
5.174754858016967773e-01 -4.841128885746002197e-01 7.055875658988952637e-01 -7.947970628738403320e-01 -2.908363565802574158e-02 8.141486048698425293e-01 5.799278020858764648e-01 -2.793421745300292969e-01 -8.552036881446838379e-01 -3.206194341182708740e-01 4.072221219539642334e-01 4.226207435131072998e-01 0.000000000000000000e+00 0.000000000000000000e+00 0.000000000000000000e+00 1.000000000000000000e+00
6.272216439247131348e-01 -4.426030218601226807e-01 6.408553123474121094e-01 -7.676675319671630859e-01 -2.649974450469017029e-02 8.102281093597412109e-01 5.855153203010559082e-01 -2.823339700698852539e-01 -7.783898711204528809e-01 -3.842303752899169922e-01 4.964637160301208496e-01 3.440502882003784180e-01 0.000000000000000000e+00 0.000000000000000000e+00 0.000000000000000000e+00 1.000000000000000000e+00
7.211104631423950195e-01 -3.961928784847259521e-01 5.683580040931701660e-01 -7.265823483467102051e-01 -2.408685535192489624e-02 8.055218458175659180e-01 5.920763611793518066e-01 -2.940340936183929443e-01 -6.924012303352355957e-01 -4.406424164772033691e-01 5.713272690773010254e-01 2.772263884544372559e-01 0.000000000000000000e+00 0.000000000000000000e+00 0.000000000000000000e+00 1.000000000000000000e+00
9.944393634796142578e-01 -5.597179010510444641e-02 8.920481055974960327e-02 -3.852503895759582520e-01 -1.111211255192756653e-02 7.865647077560424805e-01 6.174079179763793945e-01 -3.410733938217163086e-01 -1.047227755188941956e-01 -6.149660348892211914e-01 7.815689444541931152e-01 3.779759630560874939e-02 0.000000000000000000e+00 0.000000000000000000e+00 0.000000000000000000e+00 1.000000000000000000e+00
9.994574785232543945e-01 2.628056518733501434e-02 -1.984954997897148132e-02 -3.083945512771606445e-01 -8.286450989544391632e-03 7.839750051498413086e-01 6.207370758056640625e-01 -3.474175631999969482e-01 3.187487274408340454e-02 -6.202358603477478027e-01 7.837675213813781738e-01 1.207344047725200653e-02 0.000000000000000000e+00 0.000000000000000000e+00 0.000000000000000000e+00 1.000000000000000000e+00
