1.000000000000000000e+00 0.000000000000000000e+00 0.000000000000000000e+00 0.000000000000000000e+00 0.000000000000000000e+00 1.000000000000000000e+00 0.000000000000000000e+00 1.000000000000000000e+00 0.000000000000000000e+00 0.000000000000000000e+00 -1.000000000000000000e+00 -3.000000000000000000e+00 0.000000000000000000e+00 0.000000000000000000e+00 0.000000000000000000e+00 1.000000000000000000e+00
9.396926164627075195e-01 0.000000000000000000e+00 3.420202136039733887e-01 0.000000000000000000e+00 0.000000000000000000e+00 1.000000000000000000e+00 0.000000000000000000e+00 1.000000000000000000e+00 3.420202136039733887e-01 0.000000000000000000e+00 -9.396926164627075195e-01 -3.000000000000000000e+00 0.000000000000000000e+00 0.000000000000000000e+00 0.000000000000000000e+00 1.000000000000000000e+00
9.717817902565002441e-01 -5.485890060663223267e-02 -2.294140011072158813e-01 0.000000000000000000e+00 3.830317840680663721e-09 9.725797772407531738e-01 -2.325693964958190918e-01 9.999998807907104492e-01 -2.358818948268890381e-01 -2.260067015886306763e-01 -9.451352953910827637e-01 -2.799999952316284180e+00 0.000000000000000000e+00 0.000000000000000000e+00 0.000000000000000000e+00 1.000000000000000000e+00
8.887194991111755371e-01 -2.073962986469268799e-01 -4.088574945926666260e-01 1.858413964509963989e-02 3.341731158457150741e-08 8.918231129646301270e-01 -4.523845016956329346e-01 9.880251288414001465e-01 -4.584513902664184570e-01 -4.020428955554962158e-01 -7.925804257392883301e-01 -2.543355941772460938e+00 0.000000000000000000e+00 0.000000000000000000e+00 0.000000000000000000e+00 1.000000000000000000e+00
7.649313807487487793e-01 -3.223864138126373291e-01 -5.576261281967163086e-01 8.753283321857452393e-02 -6.884908287929647486e-08 8.657286763191223145e-01 -5.005133152008056641e-01 8.187757134437561035e-01 -6.441115736961364746e-01 -3.828583955764770508e-01 -6.622232794761657715e-01 -2.261616945266723633e+00 0.000000000000000000e+00 0.000000000000000000e+00 0.000000000000000000e+00 1.000000000000000000e+00
8.694226145744323730e-01 -2.836480140686035156e-01 -4.045343995094299316e-01 -1.246700994670391083e-02 -3.639840073788036534e-08 8.187810778617858887e-01 -5.741057991981506348e-01 8.187758922576904297e-01 -4.940690994262695312e-01 -4.991405904293060303e-01 -7.118666768074035645e-01 -2.261616945266723633e+00 0.000000000000000000e+00 0.000000000000000000e+00 0.000000000000000000e+00 1.000000000000000000e+00
9.448478817939758301e-01 -2.106945961713790894e-01 -2.507391870021820068e-01 -1.124671027064323425e-01 -3.892704825148030068e-08 7.655941247940063477e-01 -6.433240175247192383e-01 8.187757134437561035e-01 -3.275094032287597656e-01 -6.078432202339172363e-01 -7.233700156211853027e-01 -2.261616945266723633e+00 0.000000000000000000e+00 0.000000000000000000e+00 0.000000000000000000e+00 1.000000000000000000e+00
9.959943890571594238e-01 -6.508678197860717773e-02 -6.131131947040557861e-02 -2.399819940328598022e-01 -1.023567985924955792e-08 6.856799125671386719e-01 -7.279031872749328613e-01 8.534401059150695801e-01 -8.941680938005447388e-02 -7.249873280525207520e-01 -6.829332709312438965e-01 -2.249577045440673828e+00 0.000000000000000000e+00 0.000000000000000000e+00 0.000000000000000000e+00 1.000000000000000000e+00
8.688048720359802246e-01 -2.870571911334991455e-01 -4.034554064273834229e-01 -6.354941129684448242e-01 0.000000000000000000e+00 8.148068785667419434e-01 -5.797324776649475098e-01 9.265937805175781250e-01 -4.951545894145965576e-01 -5.036743879318237305e-01 -7.079082727432250977e-01 -2.271635055541992188e+00 0.000000000000000000e+00 0.000000000000000000e+00 0.000000000000000000e+00 1.000000000000000000e+00
8.699461817741394043e-01 -1.498741954565048218e-01 -4.698205888271331787e-01 -6.354941129684448242e-01 0.000000000000000000e+00 9.526994228363037109e-01 -3.039138913154602051e-01 9.765939712524414062e-01 -4.931466877460479736e-01 -2.643887996673583984e-01 -8.287972807884216309e-01 -2.271635055541992188e+00 0.000000000000000000e+00 0.000000000000000000e+00 0.000000000000000000e+00 1.000000000000000000e+00
8.710827827453613281e-01 3.947636869270354509e-04 -4.911360144615173340e-01 -6.354941129684448242e-01 2.910384086507455947e-11 9.999997019767761230e-01 8.037766092456877232e-04 1.026594042778015137e+00 -4.911361038684844971e-01 7.001559133641421795e-04 -8.710827231407165527e-01 -2.271635055541992188e+00 0.000000000000000000e+00 0.000000000000000000e+00 0.000000000000000000e+00 1.000000000000000000e+00
9.304410219192504883e-01 1.066683977842330933e-01 -3.505729138851165771e-01 -5.837740898132324219e-01 7.787832601025002077e-09 9.566947817802429199e-01 2.910923957824707031e-01 1.113821983337402344e+00 -3.664416968822479248e-01 2.708443105220794678e-01 -8.901482224464416504e-01 -2.219446897506713867e+00 0.000000000000000000e+00 0.000000000000000000e+00 0.000000000000000000e+00 1.000000000000000000e+00
9.720538258552551270e-01 1.305973976850509644e-01 -1.950789988040924072e-01 -5.320550799369812012e-01 0.000000000000000000e+00 8.309777975082397461e-01 5.563055276870727539e-01 1.201048970222473145e+00 -2.347584068775177002e-01 5.407589077949523926e-01 -8.077551126480102539e-01 -2.167259931564331055e+00 0.000000000000000000e+00 0.000000000000000000e+00 0.000000000000000000e+00 1.000000000000000000e+00
9.951273798942565918e-01 7.627501338720321655e-02 -6.247929856181144714e-02 -4.803360104560852051e-01 0.000000000000000000e+00 6.336780190467834473e-01 7.735968828201293945e-01 1.288275957107543945e+00 -9.859784692525863647e-02 7.698274254798889160e-01 -6.305903196334838867e-01 -2.115072011947631836e+00 0.000000000000000000e+00 0.000000000000000000e+00 0.000000000000000000e+00 1.000000000000000000e+00
9.992219209671020508e-01 -3.645529970526695251e-02 1.505906041711568832e-02 -4.286159873008728027e-01 -2.015307920544273657e-09 3.817914128303527832e-01 9.242485761642456055e-01 1.375502943992614746e+00 3.944317996501922607e-02 9.235292077064514160e-01 -3.814941942691802979e-01 -2.062885046005249023e+00 0.000000000000000000e+00 0.000000000000000000e+00 0.000000000000000000e+00 1.000000000000000000e+00
9.427797198295593262e-01 -3.077459037303924561e-01 1.282923072576522827e-01 -4.650779068470001221e-01 -1.614412958872435411e-08 3.847810924053192139e-01 9.230077862739562988e-01 1.447422981262207031e+00 3.334164023399353027e-01 8.701931238174438477e-01 -3.627637922763824463e-01 -2.029342889785766602e+00 0.000000000000000000e+00 0.000000000000000000e+00 0.000000000000000000e+00 1.000000000000000000e+00
8.018589019775390625e-01 -5.507624149322509766e-01 2.316959947347640991e-01 -5.015401840209960938e-01 -3.233206058439463959e-08 3.877669870853424072e-01 9.217572808265686035e-01 1.519343018531799316e+00 5.975133776664733887e-01 7.391192913055419922e-01 -3.109343945980072021e-01 -1.995800971984863281e+00 0.000000000000000000e+00 0.000000000000000000e+00 0.000000000000000000e+00 1.000000000000000000e+00
5.890868902206420898e-01 -7.438260912895202637e-01 3.157522082328796387e-01 -5.380008816719055176e-01 -3.325160946587857325e-08 3.907487094402313232e-01 9.204972982406616211e-01 1.591263055801391602e+00 8.080697059631347656e-01 5.422530174255371094e-01 -2.301848977804183960e-01 -1.962260007858276367e+00 0.000000000000000000e+00 0.000000000000000000e+00 0.000000000000000000e+00 1.000000000000000000e+00
3.235292136669158936e-01 -8.697897791862487793e-01 3.725512027740478516e-01 -5.744630098342895508e-01 -1.296088036895071127e-08 3.937265872955322266e-01 9.192276000976562500e-01 1.663182973861694336e+00 9.462180733680725098e-01 2.973968982696533203e-01 -1.273819953203201294e-01 -1.928717970848083496e+00 0.000000000000000000e+00 0.000000000000000000e+00 0.000000000000000000e+00 1.000000000000000000e+00
3.179427003487944603e-04 -9.282630085945129395e-01 3.719246089458465576e-01 -5.744631290435791016e-01 5.301890926290298012e-09 3.719246089458465576e-01 9.282628893852233887e-01 1.763182997703552246e+00 1.000000000000000000e+00 2.951901988126337528e-04 -1.182409032480791211e-04 -1.928717970848083496e+00 0.000000000000000000e+00 0.000000000000000000e+00 0.000000000000000000e+00 1.000000000000000000e+00
-3.229273855686187744e-01 -8.865917921066284180e-01 3.311687111854553223e-01 -5.744630098342895508e-01 -1.056899989748671942e-07 3.499158918857574463e-01 9.367811083793640137e-01 1.863183021545410156e+00 9.464235901832580566e-01 -3.025122880935668945e-01 1.129973977804183960e-01 -1.928717970848083496e+00 0.000000000000000000e+00 0.000000000000000000e+00 0.000000000000000000e+00 1.000000000000000000e+00
-6.115037798881530762e-01 -7.475473284721374512e-01 2.592990994453430176e-01 -5.744631290435791016e-01 -4.455727875551929174e-08 3.277117908000946045e-01 9.447777271270751953e-01 1.963183045387268066e+00 7.912412881851196289e-01 -5.777353048324584961e-01 2.003969997167587280e-01 -1.928717970848083496e+00 0.000000000000000000e+00 0.000000000000000000e+00 0.000000000000000000e+00 1.000000000000000000e+00
-8.344305753707885742e-01 -5.247961878776550293e-01 1.682687997817993164e-01 -5.744627714157104492e-01 3.129681047653321002e-08 3.053255081176757812e-01 9.522480964660644531e-01 2.063183069229125977e+00 5.511128902435302734e-01 -7.945848703384399414e-01 2.547729909420013428e-01 -1.928717970848083496e+00 0.000000000000000000e+00 0.000000000000000000e+00 0.000000000000000000e+00 1.000000000000000000e+00
-9.592728018760681152e-01 -2.681252062320709229e-01 8.890286833047866821e-02 -3.543618917465209961e-01 -3.139784965355829627e-08 3.147231936454772949e-01 9.491834044456481934e-01 2.184436082839965820e+00 2.824797928333282471e-01 -9.105262160301208496e-01 3.019053041934967041e-01 -1.889047980308532715e+00 0.000000000000000000e+00 0.000000000000000000e+00 0.000000000000000000e+00 1.000000000000000000e+00
-9.999402165412902832e-01 1.035020966082811356e-02 -3.545779967680573463e-03 -1.342609971761703491e-01 4.922287022424143288e-10 3.240902125835418701e-01 9.460260868072509766e-01 2.305690050125122070e+00 -1.094072032719850540e-02 -9.459695219993591309e-01 3.240706920623779297e-01 -1.849377989768981934e+00 0.000000000000000000e+00 0.000000000000000000e+00 0.000000000000000000e+00 1.000000000000000000e+00
-9.932401180267333984e-01 -1.038035973906517029e-01 5.194627866148948669e-02 6.573901325464248657e-02 -8.331428880126168224e-09 4.475201070308685303e-01 8.942738175392150879e-01 2.305690050125122070e+00 1.160759031772613525e-01 -8.882287740707397461e-01 4.444948136806488037e-01 -1.449378013610839844e+00 0.000000000000000000e+00 0.000000000000000000e+00 0.000000000000000000e+00 1.000000000000000000e+00
-9.704716205596923828e-01 -1.993643939495086670e-01 1.357877999544143677e-01 6.573899090290069580e-02 -3.605837051168236940e-08 5.629336237907409668e-01 8.265020847320556641e-01 2.305690050125122070e+00 2.412146031856536865e-01 -8.020970225334167480e-01 5.463110804557800293e-01 -1.049378037452697754e+00 0.000000000000000000e+00 0.000000000000000000e+00 0.000000000000000000e+00 1.000000000000000000e+00
-9.979622960090637207e-01 -5.134446918964385986e-02 3.787628933787345886e-02 -3.426098823547363281e-02 -4.629241878717493819e-09 5.936411023139953613e-01 8.047298789024353027e-01 2.205689907073974609e+00 6.380333751440048218e-02 -8.030902147293090820e-01 5.924314260482788086e-01 -1.149377942085266113e+00 0.000000000000000000e+00 0.000000000000000000e+00 0.000000000000000000e+00 1.000000000000000000e+00
-9.932882189750671387e-01 9.042856097221374512e-02 -7.211769372224807739e-02 -1.342609971761703491e-01 0.000000000000000000e+00 6.235073804855346680e-01 7.818173170089721680e-01 2.105690002441406250e+00 -1.156644970178604126e-01 -7.765700817108154297e-01 6.193224787712097168e-01 -1.249377965927124023e+00 0.000000000000000000e+00 0.000000000000000000e+00 0.000000000000000000e+00 1.000000000000000000e+00
-4.759958982467651367e-01 5.644013285636901855e-01 -6.744471788406372070e-01 -3.342610895633697510e-01 2.010009048092342709e-08 7.668988108634948730e-01 6.417680978775024414e-01 1.905689954757690430e+00 -8.794475793838500977e-01 -3.054789006710052490e-01 3.650406002998352051e-01 -1.782711029052734375e+00 0.000000000000000000e+00 0.000000000000000000e+00 0.000000000000000000e+00 1.000000000000000000e+00
-2.536019086837768555e-01 5.827867984771728516e-01 -7.720397710800170898e-01 -3.342609107494354248e-01 -2.300857993020599679e-08 7.981318831443786621e-01 6.024826765060424805e-01 1.905689954757690430e+00 -9.673085212707519531e-01 -1.527907997369766235e-01 2.024078071117401123e-01 -1.916044950485229492e+00 0.000000000000000000e+00 0.000000000000000000e+00 0.000000000000000000e+00 1.000000000000000000e+00
-1.670739986002445221e-02 5.616012811660766602e-01 -8.272392153739929199e-01 -3.342610001564025879e-01 -4.930731023478074349e-08 8.273547887802124023e-01 5.616797804832458496e-01 1.905689954757690430e+00 -9.998605251312255859e-01 -9.384219534695148468e-03 1.382296998053789139e-02 -2.049377918243408203e+00 0.000000000000000000e+00 0.000000000000000000e+00 0.000000000000000000e+00 1.000000000000000000e+00
2.638809084892272949e-01 4.924874901771545410e-01 -8.293508887290954590e-01 -3.622609972953796387e-01 -2.471658078206928622e-08 8.598272800445556641e-01 5.105850100517272949e-01 1.838629961013793945e+00 -9.645553231239318848e-01 1.347336024045944214e-01 -2.268919944763183594e-01 -2.155875921249389648e+00 0.000000000000000000e+00 0.000000000000000000e+00 0.000000000000000000e+00 1.000000000000000000e+00
5.233647227287292480e-01 3.899411857128143311e-01 -7.576512098312377930e-01 -3.902611136436462402e-01 4.515953122563587385e-08 8.891484737396240234e-01 4.576190114021301270e-01 1.771569967269897461e+00 -8.521087765693664551e-01 2.395015954971313477e-01 -4.653488099575042725e-01 -2.262375116348266602e+00 0.000000000000000000e+00 0.000000000000000000e+00 0.000000000000000000e+00 1.000000000000000000e+00
7.409921288490295410e-01 2.706036865711212158e-01 -6.145765781402587891e-01 -4.182600080966949463e-01 -3.256334935031190980e-08 9.152107238769531250e-01 4.029757082462310791e-01 1.704509973526000977e+00 -6.715136766433715820e-01 2.986018061637878418e-01 -6.781638264656066895e-01 -2.368872880935668945e+00 0.000000000000000000e+00 0.000000000000000000e+00 0.000000000000000000e+00 1.000000000000000000e+00
9.177411198616027832e-01 1.338984966278076172e-01 -3.739281892776489258e-01 -4.182601869106292725e-01 3.165542139527133259e-08 9.414603710174560547e-01 3.371238112449645996e-01 1.571176052093505859e+00 -3.971790075302124023e-01 3.093925118446350098e-01 -8.640170097351074219e-01 -2.368872880935668945e+00 0.000000000000000000e+00 0.000000000000000000e+00 0.000000000000000000e+00 1.000000000000000000e+00
9.967510104179382324e-01 2.171297930181026459e-02 -7.756257802248001099e-02 -4.182600080966949463e-01 1.934254090230069778e-09 9.629787206649780273e-01 2.695777118206024170e-01 1.437842965126037598e+00 -8.054444938898086548e-02 2.687017917633056641e-01 -9.598500132560729980e-01 -2.368872880935668945e+00 0.000000000000000000e+00 0.000000000000000000e+00 0.000000000000000000e+00 1.000000000000000000e+00
9.696068763732910156e-01 -4.909918084740638733e-02 2.396907955408096313e-01 -4.182600080966949463e-01 7.605290619494553539e-09 9.796574115753173828e-01 2.006767988204956055e-01 1.304509997367858887e+00 2.446680068969726562e-01 1.945776045322418213e-01 -9.498826861381530762e-01 -2.368872880935668945e+00 0.000000000000000000e+00 0.000000000000000000e+00 0.000000000000000000e+00 1.000000000000000000e+00
8.391997814178466797e-01 -7.111434638500213623e-02 5.391535162925720215e-01 -4.047521948814392090e-01 0.000000000000000000e+00 9.914131164550781250e-01 1.307674050331115723e-01 1.149096012115478516e+00 5.438231825828552246e-01 1.097399964928627014e-01 -8.319935202598571777e-01 -2.337320089340209961e+00 0.000000000000000000e+00 0.000000000000000000e+00 0.000000000000000000e+00 1.000000000000000000e+00
6.194177269935607910e-01 -4.726133123040199280e-02 7.836375832557678223e-01 -3.912431895732879639e-01 -5.838554972825704681e-09 9.981862902641296387e-01 6.020079925656318665e-02 9.936820268630981445e-01 7.850614786148071289e-01 3.728945180773735046e-02 -6.182942986488342285e-01 -2.305766105651855469e+00 0.000000000000000000e+00 0.000000000000000000e+00 0.000000000000000000e+00 1.000000000000000000e+00
5.152518153190612793e-01 -2.285612933337688446e-02 8.567339777946472168e-01 5.595381855964660645e-01 -3.989478969401716313e-09 9.996442794799804688e-01 2.666871994733810425e-02 1.860587954521179199e+00 8.570389151573181152e-01 1.374111045151948929e-02 -5.150685906410217285e-01 -2.009785890579223633e+00 0.000000000000000000e+00 0.000000000000000000e+00 0.000000000000000000e+00 1.000000000000000000e+00
7.112957239151000977e-01 -3.301329165697097778e-02 7.021170854568481445e-01 5.595378875732421875e-01 0.000000000000000000e+00 9.988964200019836426e-01 4.696774110198020935e-02 1.927255034446716309e+00 7.028927803039550781e-01 3.340794891119003296e-02 -7.105106711387634277e-01 -1.876453042030334473e+00 0.000000000000000000e+00 0.000000000000000000e+00 0.000000000000000000e+00 1.000000000000000000e+00
8.631011247634887695e-01 -3.396204859018325806e-02 5.038880109786987305e-01 5.595381259918212891e-01 3.733742204303780454e-09 9.977362751960754395e-01 6.724741309881210327e-02 1.993921995162963867e+00 5.050312280654907227e-01 5.804131925106048584e-02 -8.611472845077514648e-01 -1.743119001388549805e+00 0.000000000000000000e+00 0.000000000000000000e+00 0.000000000000000000e+00 1.000000000000000000e+00
9.612265825271606445e-01 -2.412877976894378662e-02 2.747018933296203613e-01 5.595378875732421875e-01 0.000000000000000000e+00 9.961646199226379395e-01 8.749934285879135132e-02 2.060587882995605469e+00 2.757594883441925049e-01 8.410669863224029541e-02 -9.575399160385131836e-01 -1.609786033630371094e+00 0.000000000000000000e+00 0.000000000000000000e+00 0.000000000000000000e+00 1.000000000000000000e+00
9.633526206016540527e-01 -2.167065069079399109e-02 2.673613131046295166e-01 7.595381140708923340e-01 -1.868754040401654493e-09 9.967312216758728027e-01 8.078884333372116089e-02 2.260587930679321289e+00 2.682380974292755127e-01 7.782814651727676392e-02 -9.602035880088806152e-01 -1.409785985946655273e+00 0.000000000000000000e+00 0.000000000000000000e+00 0.000000000000000000e+00 1.000000000000000000e+00
9.674280285835266113e-01 -1.705121062695980072e-02 2.525714039802551270e-01 1.159538030624389648e+00 -1.866885090962000504e-09 9.977288842201232910e-01 6.735710054636001587e-02 2.460587978363037109e+00 2.531464099884033203e-01 6.516314297914505005e-02 -9.652308225631713867e-01 -1.209786057472229004e+00 0.000000000000000000e+00 0.000000000000000000e+00 0.000000000000000000e+00 1.000000000000000000e+00
9.712669253349304199e-01 -1.283095031976699829e-02 2.376466989517211914e-01 1.559538006782531738e+00 -9.326790451069655319e-10 9.985455870628356934e-01 5.391317978501319885e-02 2.460587978363037109e+00 2.379927933216094971e-01 5.236408859491348267e-02 -9.698544144630432129e-01 -1.209786057472229004e+00 0.000000000000000000e+00 0.000000000000000000e+00 0.000000000000000000e+00 1.000000000000000000e+00
9.748684763908386230e-01 -9.013607166707515717e-03 2.225987017154693604e-01 1.959537982940673828e+00 0.000000000000000000e+00 9.991812109947204590e-01 4.045948013663291931e-02 2.460587978363037109e+00 2.227811068296432495e-01 3.944266960024833679e-02 -9.740703105926513672e-01 -1.209786057472229004e+00 0.000000000000000000e+00 0.000000000000000000e+00 0.000000000000000000e+00 1.000000000000000000e+00
2.368790060281753540e-01 4.635261893272399902e-01 8.538336157798767090e-01 3.148099899291992188e+00 3.816933968892044504e-08 8.788462877273559570e-01 -4.771049916744232178e-01 9.643511176109313965e-01 9.715390801429748535e-01 -1.130162030458450317e-01 -2.081802934408187866e-01 -5.153269767761230469e-01 0.000000000000000000e+00 0.000000000000000000e+00 0.000000000000000000e+00 1.000000000000000000e+00
1.158783957362174988e-02 4.084253013134002686e-01 9.127182960510253906e-01 3.119843959808349609e+00 1.275052952109945181e-09 9.127795100212097168e-01 -4.084526896476745605e-01 9.739791154861450195e-01 9.999328851699829102e-01 -4.733092151582241058e-03 -1.057715993374586105e-02 -3.386960029602050781e-01 0.000000000000000000e+00 0.000000000000000000e+00 0.000000000000000000e+00 1.000000000000000000e+00
-2.143007963895797729e-01 3.295662105083465576e-01 9.194895029067993164e-01 3.091588973999023438e+00 2.740292082137329999e-08 9.413595795631408691e-01 -3.374047875404357910e-01 9.836068749427795410e-01 9.767674803733825684e-01 7.230616360902786255e-02 2.017340958118438721e-01 -1.620658934116363525e-01 0.000000000000000000e+00 0.000000000000000000e+00 0.000000000000000000e+00 1.000000000000000000e+00
-4.606721103191375732e-01 2.999610900878906250e-01 8.353468775749206543e-01 3.091588973999023438e+00 0.000000000000000000e+00 9.411613941192626953e-01 -3.379575014114379883e-01 1.116940021514892578e+00 8.875703215599060059e-01 1.556876003742218018e-01 4.335666894912719727e-01 -2.873294055461883545e-02 0.000000000000000000e+00 0.000000000000000000e+00 0.000000000000000000e+00 1.000000000000000000e+00
-6.754158735275268555e-01 2.496297955513000488e-01 6.939008831977844238e-01 3.091588973999023438e+00 1.033992980126186012e-08 9.409627914428710938e-01 -3.385100066661834717e-01 1.250272989273071289e+00 7.374371290206909180e-01 2.286348938941955566e-01 6.355410814285278320e-01 1.046010032296180725e-01 0.000000000000000000e+00 0.000000000000000000e+00 0.000000000000000000e+00 1.000000000000000000e+00
-7.266200184822082520e-01 -8.006524294614791870e-02 6.823580861091613770e-01 3.489826917648315430e+00 -1.500339052995514066e-08 9.931864142417907715e-01 1.165366023778915405e-01 1.479972004890441895e+00 6.870393157005310059e-01 -8.467782288789749146e-02 7.216690778732299805e-01 7.037578821182250977e-01 0.000000000000000000e+00 0.000000000000000000e+00 0.000000000000000000e+00 1.000000000000000000e+00
-4.976175129413604736e-01 -2.962900996208190918e-01 8.152230978012084961e-01 3.712203979492187500e+00 -2.429553980221044185e-08 9.398506879806518555e-01 3.415854871273040771e-01 1.395099997520446777e+00 8.673964142799377441e-01 -1.699790060520172119e-01 4.676862061023712158e-01 8.255273103713989258e-01 0.000000000000000000e+00 0.000000000000000000e+00 0.000000000000000000e+00 1.000000000000000000e+00
-1.824758052825927734e-01 -4.119277894496917725e-01 8.927586078643798828e-01 3.512203931808471680e+00 1.330313992298215453e-08 9.080036878585815430e-01 4.189620912075042725e-01 1.595100045204162598e+00 9.832102060317993164e-01 -7.645049691200256348e-02 1.656887978315353394e-01 6.255270242691040039e-01 0.000000000000000000e+00 0.000000000000000000e+00 0.000000000000000000e+00 1.000000000000000000e+00
1.532354950904846191e-01 -4.875782132148742676e-01 8.595268130302429199e-01 3.412204027175903320e+00 -3.842383122787396132e-08 8.697993755340576172e-01 4.934054017066955566e-01 1.795099973678588867e+00 9.881895780563354492e-01 7.560721039772033691e-02 -1.332841962575912476e-01 4.255270063877105713e-01 0.000000000000000000e+00 0.000000000000000000e+00 0.000000000000000000e+00 1.000000000000000000e+00
4.716731905937194824e-01 -4.976677894592285156e-01 7.279087901115417480e-01 3.312203884124755859e+00 0.000000000000000000e+00 8.255053758621215820e-01 5.643941760063171387e-01 1.995100021362304688e+00 8.817734122276306152e-01 2.662096023559570312e-01 -3.893687129020690918e-01 2.255268990993499756e-01 0.000000000000000000e+00 0.000000000000000000e+00 0.000000000000000000e+00 1.000000000000000000e+00
7.369406223297119141e-01 -4.268208146095275879e-01 5.241587758064270020e-01 3.312203884124755859e+00 0.000000000000000000e+00 7.754315137863159180e-01 6.314315199851989746e-01 2.195100069046020508e+00 6.759573817253112793e-01 4.653275012969970703e-01 -5.714470148086547852e-01 1.255269050598144531e-01 0.000000000000000000e+00 0.000000000000000000e+00 0.000000000000000000e+00 1.000000000000000000e+00
9.191349744796752930e-01 -2.734152972698211670e-01 2.836109101772308350e-01 3.312203884124755859e+00 4.139620912724240043e-08 7.199289202690124512e-01 6.940478086471557617e-01 2.395100116729736328e+00 3.939428925514221191e-01 6.379234790802001953e-01 -6.617116928100585938e-01 2.552706003189086914e-02 0.000000000000000000e+00 0.000000000000000000e+00 0.000000000000000000e+00 1.000000000000000000e+00
9.977179169654846191e-01 -5.076215043663978577e-02 4.452196136116981506e-02 3.273304939270019531e+00 0.000000000000000000e+00 6.593856215476989746e-01 7.518050074577331543e-01 2.579511880874633789e+00 6.752037256956100464e-02 7.500892281532287598e-01 -6.578807830810546875e-01 -8.436595648527145386e-02 0.000000000000000000e+00 0.000000000000000000e+00 0.000000000000000000e+00 1.000000000000000000e+00
7.571923136711120605e-01 5.604149103164672852e-01 -3.355520069599151611e-01 2.471748113632202148e+00 -3.473612864013375656e-08 5.137112140655517578e-01 8.579630851745605469e-01 2.605727910995483398e+00 -6.531919836997985840e-01 6.496431827545166016e-01 -3.889782130718231201e-01 1.914350986480712891e-01 0.000000000000000000e+00 0.000000000000000000e+00 0.000000000000000000e+00 1.000000000000000000e+00
9.139130115509033203e-01 3.710229098796844482e-01 -1.646361947059631348e-01 2.571748018264770508e+00 8.151157970814892906e-08 4.055975079536437988e-01 9.140517711639404297e-01 2.805727958679199219e+00 -4.059101939201354980e-01 8.353636264801025391e-01 -3.706808090209960938e-01 3.914352953433990479e-01 0.000000000000000000e+00 0.000000000000000000e+00 0.000000000000000000e+00 1.000000000000000000e+00
9.923024177551269531e-01 1.184609010815620422e-01 -3.609469905495643616e-02 2.616475105285644531e+00 7.788763412008847808e-09 2.914673089981079102e-01 9.565808176994323730e-01 2.930217027664184570e+00 -1.238379031419754028e-01 9.492173790931701660e-01 -2.892237901687622070e-01 5.635868906974792480e-01 0.000000000000000000e+00 0.000000000000000000e+00 0.000000000000000000e+00 1.000000000000000000e+00
9.856420159339904785e-01 -1.663022041320800781e-01 2.921300940215587616e-02 2.661201953887939453e+00 -1.134699001426042742e-08 1.730131059885025024e-01 9.849194884300231934e-01 3.054706096649169922e+00 1.688484996557235718e-01 9.707779884338378906e-01 -1.705289930105209351e-01 7.357391119003295898e-01 0.000000000000000000e+00 0.000000000000000000e+00 0.000000000000000000e+00 1.000000000000000000e+00
9.962607026100158691e-01 -8.509735763072967529e-02 1.493808999657630920e-02 2.461201906204223633e+00 0.000000000000000000e+00 1.728975027799606323e-01 9.849398136138916016e-01 3.254705905914306641e+00 8.639852702617645264e-02 9.812567830085754395e-01 -1.722510010004043579e-01 7.357388734817504883e-01 0.000000000000000000e+00 0.000000000000000000e+00 0.000000000000000000e+00 1.000000000000000000e+00
9.968174099922180176e-01 7.852143049240112305e-02 -1.376473996788263321e-02 2.061202049255371094e+00 -4.727620073197158490e-09 1.726662963628768921e-01 9.849804043769836426e-01 3.654706001281738281e+00 -7.971876859664916992e-02 9.818456172943115234e-01 -1.721166968345642090e-01 7.357391119003295898e-01 0.000000000000000000e+00 0.000000000000000000e+00 0.000000000000000000e+00 1.000000000000000000e+00
9.698666930198669434e-01 2.399867027997970581e-01 -4.201136156916618347e-02 1.661201953887939453e+00 1.512776037770890980e-08 1.724348068237304688e-01 9.850208759307861328e-01 3.854706048965454102e+00 -2.436362057924270630e-01 9.553390145301818848e-01 -1.672388017177581787e-01 7.357388138771057129e-01 0.000000000000000000e+00 0.000000000000000000e+00 0.000000000000000000e+00 1.000000000000000000e+00
9.161521792411804199e-01 3.948425948619842529e-01 -6.902430951595306396e-02 1.261201977729797363e+00 4.538140885301800154e-08 1.722033023834228516e-01 9.850612878799438477e-01 3.854706048965454102e+00 -4.008303880691528320e-01 9.024661779403686523e-01 -1.577644050121307373e-01 7.357389926910400391e-01 0.000000000000000000e+00 0.000000000000000000e+00 0.000000000000000000e+00 1.000000000000000000e+00
8.371564149856567383e-01 5.388149023056030273e-01 -9.406240284442901611e-02 8.612020015716552734e-01 6.806933328107334091e-08 1.719719022512435913e-01 9.851018190383911133e-01 3.854706048965454102e+00 -5.469635725021362305e-01 8.246842026710510254e-01 -1.439674049615859985e-01 7.357389926910400391e-01 0.000000000000000000e+00 0.000000000000000000e+00 0.000000000000000000e+00 1.000000000000000000e+00
7.350589036941528320e-01 6.679295897483825684e-01 -1.164406985044479370e-01 4.612019956111907959e-01 7.562948667327873409e-08 1.717406064271926880e-01 9.851421713829040527e-01 3.854706048965454102e+00 -6.780033111572265625e-01 7.241374850273132324e-01 -1.262394934892654419e-01 7.357388734817504883e-01 0.000000000000000000e+00 0.000000000000000000e+00 0.000000000000000000e+00 1.000000000000000000e+00
6.126773953437805176e-01 7.786223888397216797e-01 -1.355496048927307129e-01 6.120194122195243835e-02 5.221070153993423446e-08 1.715094000101089478e-01 9.851825237274169922e-01 3.854706048965454102e+00 -7.903332114219665527e-01 6.035990118980407715e-01 -1.050798967480659485e-01 7.357388734817504883e-01 0.000000000000000000e+00 0.000000000000000000e+00 0.000000000000000000e+00 1.000000000000000000e+00
4.733887016773223877e-01 8.678370118141174316e-01 -1.508708000183105469e-01 -3.387979865074157715e-01 6.465887736339936964e-08 1.712779998779296875e-01 9.852225780487060547e-01 3.854706048965454102e+00 -8.808534741401672363e-01 4.663932919502258301e-01 -8.108101785182952881e-02 7.357389926910400391e-01 0.000000000000000000e+00 0.000000000000000000e+00 0.000000000000000000e+00 1.000000000000000000e+00
3.210367858409881592e-01 9.331095814704895020e-01 -1.619924008846282959e-01 -7.387980818748474121e-01 1.703291019339303602e-07 1.710465997457504272e-01 9.852628707885742188e-01 3.854706048965454102e+00 -9.470667243003845215e-01 3.163054883480072021e-01 -5.491216108202934265e-02 7.357389926910400391e-01 0.000000000000000000e+00 0.000000000000000000e+00 0.000000000000000000e+00 1.000000000000000000e+00
1.598259061574935913e-01 9.726371765136718750e-01 -1.686190962791442871e-01 -1.138797998428344727e+00 5.435033045841919375e-08 1.708149015903472900e-01 9.853029847145080566e-01 3.854706048965454102e+00 -9.871451258659362793e-01 1.574769020080566406e-01 -2.730065956711769104e-02 7.357389926910400391e-01 0.000000000000000000e+00 0.000000000000000000e+00 0.000000000000000000e+00 1.000000000000000000e+00
-5.795423872768878937e-03 9.853267073631286621e-01 -1.705807000398635864e-01 -1.579851031303405762e+00 -1.835314011877642315e-09 1.705836057662963867e-01 9.853432178497314453e-01 4.158370971679687500e+00 -9.999831914901733398e-01 -5.710417870432138443e-03 9.885933250188827515e-04 8.609089255332946777e-01 0.000000000000000000e+00 0.000000000000000000e+00 0.000000000000000000e+00 1.000000000000000000e+00
1.049207001924514771e-01 9.798259139060974121e-01 -1.700963973999023438e-01 -1.779850959777832031e+00 4.197655911752917746e-08 1.710404008626937866e-01 9.852638840675354004e-01 3.958370923995971680e+00 -9.944806098937988281e-01 1.033746004104614258e-01 -1.794569008052349091e-02 8.609089851379394531e-01 0.000000000000000000e+00 0.000000000000000000e+00 0.000000000000000000e+00 1.000000000000000000e+00
3.211405873298645020e-01 9.329255223274230957e-01 -1.628458946943283081e-01 -2.054533958435058594e+00 1.390167057024882524e-07 1.719540953636169434e-01 9.851049780845642090e-01 3.652391910552978516e+00 -9.470313787460327148e-01 3.163571953773498535e-01 -5.522137880325317383e-02 9.894570112228393555e-01 0.000000000000000000e+00 0.000000000000000000e+00 0.000000000000000000e+00 1.000000000000000000e+00
4.409765899181365967e-01 7.143607139587402344e-01 -5.433492064476013184e-01 -1.854534029960632324e+00 2.128961007485941082e-08 6.053904891014099121e-01 7.959287166595458984e-01 3.452392101287841797e+00 -8.975185751914978027e-01 3.509859144687652588e-01 -2.669630944728851318e-01 7.894570231437683105e-01 0.000000000000000000e+00 0.000000000000000000e+00 0.000000000000000000e+00 1.000000000000000000e+00
5.168679952621459961e-01 4.849553108215332031e-01 -7.054542899131774902e-01 -1.854534029960632324e+00 -2.102417973048886779e-08 8.240662813186645508e-01 5.664935111999511719e-01 3.452392101287841797e+00 -8.560649752616882324e-01 2.928023040294647217e-01 -4.259333908557891846e-01 6.561238765716552734e-01 0.000000000000000000e+00 0.000000000000000000e+00 0.000000000000000000e+00 1.000000000000000000e+00
-6.833267211914062500e-01 -1.502936035394668579e-01 -7.144762277603149414e-01 -2.360542058944702148e+00 -2.129305087805732910e-08 9.785835742950439453e-01 -2.058499008417129517e-01 2.263066053390502930e+00 -7.301126718521118164e-01 1.406626999378204346e-01 6.686921715736389160e-01 1.244923949241638184e+00 0.000000000000000000e+00 0.000000000000000000e+00 0.000000000000000000e+00 1.000000000000000000e+00
-4.537605941295623779e-01 -8.159835822880268097e-03 -8.910862207412719727e-01 -2.360542058944702148e+00 -4.149444121637202443e-10 9.999579787254333496e-01 -9.156794287264347076e-03 2.183065891265869141e+00 -8.911237120628356934e-01 4.154993221163749695e-03 4.537416100502014160e-01 1.084923982620239258e+00 0.000000000000000000e+00 0.000000000000000000e+00 0.000000000000000000e+00 1.000000000000000000e+00
-1.885176002979278564e-01 1.845258027315139771e-01 -9.645782709121704102e-01 -2.360542058944702148e+00 3.593334074736276307e-09 9.821891188621520996e-01 1.878948062658309937e-01 2.103065967559814453e+00 -9.820696711540222168e-01 -3.542146831750869751e-02 1.851599067449569702e-01 9.249238967895507812e-01 0.000000000000000000e+00 0.000000000000000000e+00 0.000000000000000000e+00 1.000000000000000000e+00
9.154774248600006104e-02 3.760055899620056152e-01 -9.220839142799377441e-01 -2.360542058944702148e+00 3.435030038190234336e-08 9.259724020957946777e-01 3.775911927223205566e-01 2.023066043853759766e+00 -9.958006143569946289e-01 3.456762060523033142e-02 -8.477070927619934082e-02 7.649239897727966309e-01 0.000000000000000000e+00 0.000000000000000000e+00 0.000000000000000000e+00 1.000000000000000000e+00
3.644148111343383789e-01 5.145146846771240234e-01 -7.761933803558349609e-01 -2.360542058944702148e+00 9.252948274252048577e-08 8.335083723068237305e-01 5.525069236755371094e-01 1.943066000938415527e+00 -9.312366843223571777e-01 2.013415992259979248e-01 -3.037427067756652832e-01 6.049240231513977051e-01 0.000000000000000000e+00 0.000000000000000000e+00 0.000000000000000000e+00 1.000000000000000000e+00
5.749235153198242188e-01 5.323991179466247559e-01 -6.213002800941467285e-01 -2.469065904617309570e+00 5.554857906986399030e-08 7.593436241149902344e-01 6.506898999214172363e-01 1.929623961448669434e+00 -8.182070851325988770e-01 3.740969002246856689e-01 -4.365643858909606934e-01 4.588581025600433350e-01 0.000000000000000000e+00 0.000000000000000000e+00 0.000000000000000000e+00 1.000000000000000000e+00
7.526097893714904785e-01 4.866209924221038818e-01 -4.435971081256866455e-01 -2.577590942382812500e+00 1.613069002814881969e-07 6.736819148063659668e-01 7.390213012695312500e-01 1.916180968284606934e+00 -6.584665775299072266e-01 5.561947226524353027e-01 -5.070195794105529785e-01 3.127909898757934570e-01 0.000000000000000000e+00 0.000000000000000000e+00 0.000000000000000000e+00 1.000000000000000000e+00
8.873301148414611816e-01 3.763614892959594727e-01 -2.664530873298645020e-01 -2.686115026473999023e+00 3.651512159308367700e-08 5.778204202651977539e-01 8.161637783050537109e-01 1.902739048004150391e+00 -4.611347019672393799e-01 7.242066860198974609e-01 -5.127174854278564453e-01 1.667249947786331177e-01 0.000000000000000000e+00 0.000000000000000000e+00 0.000000000000000000e+00 1.000000000000000000e+00
9.009339809417724609e-01 2.804268002510070801e-01 -3.311775922775268555e-01 -2.686115026473999023e+00 0.000000000000000000e+00 7.631595134735107422e-01 6.462100744247436523e-01 2.302738904953002930e+00 -4.339559972286224365e-01 5.821927189826965332e-01 -6.875563263893127441e-01 -2.332748025655746460e-01 0.000000000000000000e+00 0.000000000000000000e+00 0.000000000000000000e+00 1.000000000000000000e+00
9.137058258056640625e-01 1.769337952136993408e-01 -3.658364117145538330e-01 -2.686115026473999023e+00 3.310486107466203975e-08 9.002401232719421387e-01 4.353936910629272461e-01 2.702739000320434570e+00 -4.063765108585357666e-01 3.978218138217926025e-01 -8.225545883178710938e-01 -6.332749724388122559e-01 0.000000000000000000e+00 0.000000000000000000e+00 0.000000000000000000e+00 1.000000000000000000e+00
9.275903105735778809e-01 1.644049026072025299e-02 -3.732371926307678223e-01 -1.981436014175415039e+00 1.864451038002812311e-09 9.990311861038208008e-01 4.400569945573806763e-02 2.233000993728637695e+00 -3.735991120338439941e-01 4.081926122307777405e-02 -9.266917109489440918e-01 -1.943673968315124512e+00 0.000000000000000000e+00 0.000000000000000000e+00 0.000000000000000000e+00 1.000000000000000000e+00
9.245740771293640137e-01 8.158257231116294861e-03 -3.809151053428649902e-01 -1.981436014175415039e+00 -9.315361815254163957e-10 9.997708201408386230e-01 2.141260914504528046e-02 1.433001041412353516e+00 -3.810023963451385498e-01 1.979753933846950531e-02 -9.243618845939636230e-01 -2.743674039840698242e+00 0.000000000000000000e+00 0.000000000000000000e+00 0.000000000000000000e+00 1.000000000000000000e+00
9.214987158775329590e-01 -4.627231101039797068e-04 -3.883812129497528076e-01 -1.981436014175415039e+00 0.000000000000000000e+00 9.999992847442626953e-01 -1.191413961350917816e-03 6.330010294914245605e-01 -3.883815109729766846e-01 -1.097886008210480213e-03 -9.214980006217956543e-01 -3.143673896789550781e+00 0.000000000000000000e+00 0.000000000000000000e+00 0.000000000000000000e+00 1.000000000000000000e+00
8.696563839912414551e-01 -6.235254928469657898e-02 -4.897038042545318604e-01 -1.681668996810913086e+00 -2.253220010572931642e-08 9.919911026954650879e-01 -1.263072937726974487e-01 6.715580224990844727e-01 -4.936574995517730713e-01 -1.098439991474151611e-01 -8.626915812492370605e-01 -3.012450933456420898e+00 0.000000000000000000e+00 0.000000000000000000e+00 0.000000000000000000e+00 1.000000000000000000e+00
7.336459159851074219e-01 -2.433523982763290405e-01 -6.344628930091857910e-01 -1.381669044494628906e+00 -6.383866235637469799e-08 9.336764812469482422e-01 -3.581177890300750732e-01 1.071557998657226562e+00 -6.795318722724914551e-01 -2.627316117286682129e-01 -6.849879026412963867e-01 -2.612451076507568359e+00 0.000000000000000000e+00 0.000000000000000000e+00 0.000000000000000000e+00 1.000000000000000000e+00
